**line	**field	**track	**staff	**subtrack	**start	**dur	**pitch	**chord	**accent	**marcato	**sforzando	**tenuto	**staccato	**trill	**slur_start	**slur_end	**ppitch	**pstart	**npitch	**nstart
19	1	1	16	1	0	1.5	48	0	0	0	0	0	0	0	0	0	0	-1	46	1.5
19	2	2	15	2	0	1.5	36	1	0	0	0	0	0	0	0	0	0	-1	46	1.5
19	2	2	15	2	0	1.5	44	1	0	0	0	0	0	0	0	0	0	-1	46	1.5
19	3	3	14	3	0	1.5	49	1	0	0	0	0	0	0	0	0	0	-1	57	1.5
19	3	3	14	3	0	1.5	55	1	0	0	0	0	0	0	0	0	0	-1	57	1.5
19	4	4	13	4	0	3	56	1	0	1	0	0	0	0	0	0	0	-1	56	3.5
19	4	4	13	4	0	3	62	1	0	0	0	0	0	0	0	0	0	-1	56	3.5
19	6	6	12	6	0	3	63	1	0	1	0	0	0	0	0	0	0	-1	63	3.5
19	6	6	12	6	0	3	69	1	0	0	0	0	0	0	0	0	0	-1	63	3.5
19	8	8	11	8	0	1	62	1	0	0	0	0	0	0	0	0	0	-1	78	1
19	8	8	11	8	0	1	63	1	0	0	0	0	0	0	0	0	0	-1	78	1
19	8	8	11	8	0	1	67	1	0	0	0	0	0	0	0	0	0	-1	78	1
19	8	8	11	8	0	1	70	1	0	0	0	0	0	0	0	0	0	-1	78	1
19	9	9	10	9	0	0.5	69	1	0	0	0	0	0	0	0	0	0	-1	67	0.5
19	9	9	10	9	0	0.5	71	1	0	0	0	0	0	0	0	0	0	-1	67	0.5
19	9	9	10	9	0	0.5	72	1	0	0	0	0	0	0	0	0	0	-1	67	0.5
19	9	9	10	9	0	0.5	76	1	0	0	0	0	0	0	0	0	0	-1	67	0.5
19	9	9	10	9	0	0.5	79	1	0	0	0	0	0	0	0	0	0	-1	67	0.5
19	10	10	9	10	0	3.5	48	0	0	0	0	0	0	0	0	0	0	-1	48	3.5
19	11	11	8	11	0	1.5	-13988	0	0	0	0	0	0	0	0	0	0	-1	-13988	1.5
19	12	12	7	12	0	1.5	-13988	0	0	0	0	0	0	0	1	0	0	-1	-13988	1.5
19	13	13	6	13	0	0.125	47	0	0	1	0	0	0	0	1	0	0	-1	48	0.125
19	15	15	5	15	0	0.5	60	0	0	0	0	0	1	0	0	0	0	-1	72	0.5
19	16	16	4	16	0	1	72	0	0	0	0	0	0	0	0	0	0	-1	73	1
19	17	17	3	17	0	1.5	36	0	0	1	0	0	0	0	0	0	0	-1	46	1.5
19	18	18	2	18	0	0.5	60	0	0	0	0	0	1	0	0	0	0	-1	72	0.5
19	19	19	1	19	0	1	72	0	0	0	0	0	0	0	0	0	0	-1	73	1
20	13	13	6	13	0.125	0.125	48	0	0	0	0	0	0	0	0	0	47	0	50	0.25
21	13	13	6	13	0.25	1.25	50	0	0	1	0	0	0	0	0	1	48	0.125	57	1.5
22	9	9	10	9	0.5	0.25	67	1	0	0	0	0	1	0	0	0	69	0	67	0.75
22	9	9	10	9	0.5	0.25	69	1	0	0	0	0	0	0	0	0	69	0	67	0.75
22	9	9	10	9	0.5	0.25	73	1	0	0	0	0	0	0	0	0	69	0	67	0.75
22	9	9	10	9	0.5	0.25	76	1	0	0	0	0	0	0	0	0	69	0	67	0.75
22	9	9	10	9	0.5	0.25	80	1	0	0	0	0	0	0	0	0	69	0	67	0.75
22	9	9	10	9	0.5	0.25	81	1	0	0	0	0	0	0	0	0	69	0	67	0.75
22	15	15	5	15	0.5	0.5	72	0	0	0	0	0	1	0	0	0	60	0	62	1
22	18	18	2	18	0.5	0.5	72	0	0	0	0	0	1	0	0	0	60	0	62	1
23	9	9	10	9	0.75	0.75	67	1	0	0	0	0	0	0	0	0	67	0.5	90	1.5
23	9	9	10	9	0.75	0.75	69	1	0	0	0	0	0	0	0	0	67	0.5	90	1.5
23	9	9	10	9	0.75	0.75	73	1	0	0	0	0	0	0	0	0	67	0.5	90	1.5
23	9	9	10	9	0.75	0.75	76	1	0	0	0	0	0	0	0	0	67	0.5	90	1.5
23	9	9	10	9	0.75	0.75	80	1	0	0	0	0	0	0	0	0	67	0.5	90	1.5
23	9	9	10	9	0.75	0.75	81	1	0	0	0	0	0	0	0	0	67	0.5	90	1.5
24	8	8	11	8	1	2	78	1	0	0	0	0	0	0	0	0	62	0	78	3
24	8	8	11	8	1	2	81	1	0	0	0	0	0	0	0	0	62	0	78	3
24	8	8	11	8	1	2	85	1	0	0	0	0	0	0	0	0	62	0	78	3
24	8	8	11	8	1	2	86	1	0	0	0	0	0	0	0	0	62	0	78	3
24	15	15	5	15	1	0.5	62	0	0	0	0	0	1	0	0	0	72	0.5	64	1.5
24	16	16	4	16	1	0.5	73	0	0	0	0	0	0	0	0	0	72	0	75	1.5
24	18	18	2	18	1	0.5	62	0	0	0	0	0	1	0	0	0	72	0.5	64	1.5
24	19	19	1	19	1	0.5	73	0	0	0	0	0	0	0	0	0	72	0	75	1.5
25	1	1	16	1	1.5	1	46	0	0	0	0	0	0	0	0	0	48	0	44	2.5
25	2	2	15	2	1.5	1	46	0	0	0	0	0	0	0	0	0	36	0	44	2.5
25	3	3	14	3	1.5	1	57	0	0	0	0	0	0	0	0	0	49	0	55	2.5
25	9	9	10	9	1.5	0.5	90	1	0	0	0	0	0	0	0	0	67	0.75	91	2
25	9	9	10	9	1.5	0.5	94	1	0	0	0	0	0	0	0	0	67	0.75	91	2
25	9	9	10	9	1.5	0.5	97	1	0	0	0	0	0	0	0	0	67	0.75	91	2
25	11	11	8	11	1.5	1	-13988	0	0	0	0	0	0	0	0	0	-13988	0	-13988	2.5
25	12	12	7	12	1.5	0.25	-13988	0	0	0	0	0	0	0	0	1	-13988	0	-13988	1.75
25	13	13	6	13	1.5	1	57	0	0	0	0	0	0	0	1	0	50	0.25	55	2.5
25	15	15	5	15	1.5	0.5	64	0	0	0	0	0	1	0	0	0	62	1	63	2
25	16	16	4	16	1.5	0.5	75	0	0	1	0	0	0	0	0	0	73	1	74	2
25	17	17	3	17	1.5	1	46	0	0	0	0	0	0	0	1	0	36	0	44	2.5
25	18	18	2	18	1.5	0.5	64	0	0	0	0	0	1	0	0	0	62	1	63	2
25	19	19	1	19	1.5	0.5	75	0	0	1	0	0	0	0	0	0	73	1	74	2
26	12	12	7	12	1.75	1.5	-13988	0	0	0	0	0	0	0	1	0	-13988	1.5	-13988	3.25
27	9	9	10	9	2	0.25	91	1	0	0	0	0	1	0	0	0	90	1.5	91	2.25
27	9	9	10	9	2	0.25	95	1	0	0	0	0	0	0	0	0	90	1.5	91	2.25
27	9	9	10	9	2	0.25	98	1	0	0	0	0	0	0	0	0	90	1.5	91	2.25
27	15	15	5	15	2	0.5	63	0	0	0	0	0	1	0	0	0	64	1.5	61	2.5
27	16	16	4	16	2	0.5	74	0	0	0	0	0	0	0	0	0	75	1.5	73	2.5
27	18	18	2	18	2	0.5	63	0	0	0	0	0	1	0	0	0	64	1.5	61	2.5
27	19	19	1	19	2	0.5	74	0	0	0	0	0	1	0	0	0	75	1.5	72	2.5
28	9	9	10	9	2.25	0.25	91	1	0	0	0	0	1	0	0	0	91	2	90	2.5
28	9	9	10	9	2.25	0.25	95	1	0	0	0	0	0	0	0	0	91	2	90	2.5
28	9	9	10	9	2.25	0.25	98	1	0	0	0	0	0	0	0	0	91	2	90	2.5
29	1	1	16	1	2.5	1	44	0	0	0	0	0	0	0	0	0	46	1.5	48	3.5
29	2	2	15	2	2.5	1	44	0	0	0	0	0	0	0	0	0	46	1.5	36	3.5
29	3	3	14	3	2.5	1	55	1	0	0	0	0	0	0	0	0	57	1.5	49	3.5
29	3	3	14	3	2.5	1	66	1	0	0	0	0	0	0	0	0	57	1.5	49	3.5
29	9	9	10	9	2.5	1	90	1	0	0	0	0	0	0	1	0	91	2.25	78	3.5
29	9	9	10	9	2.5	1	94	1	0	0	0	0	0	0	1	0	91	2.25	78	3.5
29	9	9	10	9	2.5	1	97	1	0	0	0	0	0	0	1	0	91	2.25	78	3.5
29	11	11	8	11	2.5	1	-13988	0	0	0	0	0	0	0	0	0	-13988	1.5	-13988	3.5
29	13	13	6	13	2.5	1	55	0	0	0	0	0	0	0	0	1	57	1.5	47	3.5
29	15	15	5	15	2.5	0.5	61	0	0	0	0	0	1	0	0	0	63	2	59	3
29	16	16	4	16	2.5	0.5	73	0	0	0	0	0	0	0	0	0	74	2	70	3
29	17	17	3	17	2.5	1	44	0	0	0	0	0	0	0	0	1	46	1.5	36	3.5
29	18	18	2	18	2.5	0.5	61	0	0	0	0	0	1	0	0	0	63	2	59	3
29	19	19	1	19	2.5	0.5	72	0	0	1	0	0	0	0	0	0	74	2	70	3
30	8	8	11	8	3	0.5	78	1	0	1	0	0	1	0	0	0	78	1	78	3.5
30	8	8	11	8	3	0.5	81	1	0	0	0	0	0	0	0	0	78	1	78	3.5
30	8	8	11	8	3	0.5	85	1	0	0	0	0	0	0	0	0	78	1	78	3.5
30	8	8	11	8	3	0.5	86	1	0	0	0	0	0	0	0	0	78	1	78	3.5
30	15	15	5	15	3	0.5	59	0	0	0	0	0	1	0	0	0	61	2.5	61	3.5
30	16	16	4	16	3	0.5	70	0	0	0	0	0	0	0	0	0	73	2.5	72	3.5
30	18	18	2	18	3	0.5	59	0	0	0	0	0	1	0	0	0	61	2.5	61	3.5
30	19	19	1	19	3	0.5	70	0	0	0	0	0	0	0	0	0	72	2.5	72	3.5
31	12	12	7	12	3.25	0.25	-13988	0	0	0	0	0	0	0	0	1	-13988	1.75	-13988	3.5
33	1	1	16	1	3.5	1.5	48	0	0	0	0	0	0	0	0	0	44	2.5	46	5
33	2	2	15	2	3.5	1.5	36	1	0	0	0	0	0	0	0	0	44	2.5	46	5
33	2	2	15	2	3.5	1.5	44	1	0	0	0	0	0	0	0	0	44	2.5	46	5
33	3	3	14	3	3.5	1.5	49	1	0	0	0	0	0	0	0	0	55	2.5	57	5
33	3	3	14	3	3.5	1.5	55	1	0	0	0	0	0	0	0	0	55	2.5	57	5
33	4	4	13	4	3.5	3	56	1	0	1	0	0	0	0	0	0	56	0	0	0
33	4	4	13	4	3.5	3	62	1	0	0	0	0	0	0	0	0	56	0	0	0
33	6	6	12	6	3.5	3	63	1	0	1	0	0	0	0	0	0	63	0	0	0
33	6	6	12	6	3.5	3	69	1	0	0	0	0	0	0	0	0	63	0	0	0
33	8	8	11	8	3.5	1	78	1	0	0	0	0	0	0	0	0	78	3	62	4.5
33	8	8	11	8	3.5	1	81	1	0	0	0	0	0	0	0	0	78	3	62	4.5
33	8	8	11	8	3.5	1	85	1	0	0	0	0	0	0	0	0	78	3	62	4.5
33	8	8	11	8	3.5	1	86	1	0	0	0	0	0	0	0	0	78	3	62	4.5
33	9	9	10	9	3.5	0.5	78	1	0	0	0	0	0	0	0	1	90	2.5	69	4
33	9	9	10	9	3.5	0.5	82	1	0	0	0	0	0	0	0	1	90	2.5	69	4
33	9	9	10	9	3.5	0.5	85	1	0	0	0	0	0	0	0	1	90	2.5	69	4
33	10	10	9	10	3.5	3.5	48	0	0	0	0	0	0	0	0	0	48	0	0	0
33	11	11	8	11	3.5	1.5	-13988	0	0	0	0	0	0	0	0	0	-13988	2.5	-13988	5
33	12	12	7	12	3.5	1.5	-13988	0	0	0	0	0	0	0	1	0	-13988	3.25	-13988	5
33	13	13	6	13	3.5	0.125	47	0	0	1	0	0	0	0	1	0	55	2.5	48	3.625
33	15	15	5	15	3.5	0.5	61	0	0	0	0	0	1	0	0	0	59	3	71	4
33	16	16	4	16	3.5	1	72	0	0	1	0	0	0	0	0	0	70	3	74	4.5
33	17	17	3	17	3.5	1.5	36	0	0	1	0	0	0	0	0	0	44	2.5	46	5
33	18	18	2	18	3.5	0.5	61	0	0	0	0	0	1	0	0	0	59	3	71	4
33	19	19	1	19	3.5	1	72	0	0	1	0	0	0	0	0	0	70	3	74	4.5
34	13	13	6	13	3.625	0.125	48	0	0	0	0	0	0	0	0	0	47	3.5	50	3.75
35	13	13	6	13	3.75	1.25	50	0	0	1	0	0	0	0	0	1	48	3.625	57	5
36	9	9	10	9	4	0.5	69	1	0	0	0	0	0	0	0	0	78	3.5	67	5
36	9	9	10	9	4	0.5	71	1	0	0	0	0	0	0	0	0	78	3.5	67	5
36	9	9	10	9	4	0.5	73	1	0	0	0	0	0	0	0	0	78	3.5	67	5
36	9	9	10	9	4	0.5	76	1	0	0	0	0	0	0	0	0	78	3.5	67	5
36	9	9	10	9	4	0.5	80	1	0	0	0	0	0	0	0	0	78	3.5	67	5
36	15	15	5	15	4	0.5	71	0	0	0	0	0	1	0	0	0	61	3.5	73	4.5
36	18	18	2	18	4	0.5	71	0	0	0	0	0	1	0	0	0	61	3.5	73	4.5
37	8	8	11	8	4.5	1	62	1	0	0	0	0	0	0	0	0	78	3.5	78	5.5
37	8	8	11	8	4.5	1	63	1	0	0	0	0	0	0	0	0	78	3.5	78	5.5
37	8	8	11	8	4.5	1	67	1	0	0	0	0	0	0	0	0	78	3.5	78	5.5
37	8	8	11	8	4.5	1	70	1	0	0	0	0	0	0	0	0	78	3.5	78	5.5
37	15	15	5	15	4.5	0.5	73	0	0	0	0	0	1	0	0	0	71	4	59	5
37	16	16	4	16	4.5	0.75	74	0	0	1	0	0	0	0	1	0	72	3.5	72	5.25
37	18	18	2	18	4.5	0.5	73	0	0	0	0	0	1	0	0	0	71	4	59	5
37	19	19	1	19	4.5	0.75	74	0	0	1	0	0	0	0	1	0	72	3.5	72	5.25
38	1	1	16	1	5	1	46	0	0	0	0	0	0	0	0	0	48	3.5	44	6
38	2	2	15	2	5	1	46	0	0	0	0	0	0	0	0	0	36	3.5	44	6
38	3	3	14	3	5	1	57	0	0	0	0	0	0	0	0	0	49	3.5	55	6
38	9	9	10	9	5	0.25	67	1	0	0	0	0	1	0	0	0	69	4	67	5.25
38	9	9	10	9	5	0.25	69	1	0	0	0	0	0	0	0	0	69	4	67	5.25
38	9	9	10	9	5	0.25	73	1	0	0	0	0	0	0	0	0	69	4	67	5.25
38	9	9	10	9	5	0.25	76	1	0	0	0	0	0	0	0	0	69	4	67	5.25
38	9	9	10	9	5	0.25	80	1	0	0	0	0	0	0	0	0	69	4	67	5.25
38	9	9	10	9	5	0.25	81	1	0	0	0	0	0	0	0	0	69	4	67	5.25
38	11	11	8	11	5	1	-13988	0	0	0	0	0	0	0	0	0	-13988	3.5	-13988	6
38	12	12	7	12	5	0.25	-13988	0	0	0	0	0	0	0	0	1	-13988	3.5	-13988	5.25
38	13	13	6	13	5	1	57	0	0	0	0	0	0	0	1	0	50	3.75	55	6
38	15	15	5	15	5	0.5	59	0	0	0	0	0	1	0	0	0	73	4.5	57	5.5
38	17	17	3	17	5	1	46	0	0	0	0	0	0	0	1	0	36	3.5	44	6
38	18	18	2	18	5	0.5	59	0	0	0	0	0	1	0	0	0	73	4.5	57	5.5
39	9	9	10	9	5.25	0.75	67	1	0	0	0	0	0	0	0	0	67	5	90	6
39	9	9	10	9	5.25	0.75	69	1	0	0	0	0	0	0	0	0	67	5	90	6
39	9	9	10	9	5.25	0.75	73	1	0	0	0	0	0	0	0	0	67	5	90	6
39	9	9	10	9	5.25	0.75	76	1	0	0	0	0	0	0	0	0	67	5	90	6
39	9	9	10	9	5.25	0.75	80	1	0	0	0	0	0	0	0	0	67	5	90	6
39	9	9	10	9	5.25	0.75	81	1	0	0	0	0	0	0	0	0	67	5	90	6
39	12	12	7	12	5.25	1.5	-13988	0	0	0	0	0	0	0	1	0	-13988	5	-13988	6.75
39	16	16	4	16	5.25	0.25	72	0	0	0	0	0	0	0	0	1	74	4.5	70	5.5
39	19	19	1	19	5.25	0.25	72	0	0	0	0	0	0	0	0	1	74	4.5	70	5.5
40	8	8	11	8	5.5	1.5	78	1	0	0	0	0	0	0	0	0	62	4.5	0	0
40	8	8	11	8	5.5	1.5	81	1	0	0	0	0	0	0	0	0	62	4.5	0	0
40	8	8	11	8	5.5	1.5	85	1	0	0	0	0	0	0	0	0	62	4.5	0	0
40	8	8	11	8	5.5	1.5	86	1	0	0	0	0	0	0	0	0	62	4.5	0	0
40	15	15	5	15	5.5	0.5	57	0	0	0	0	0	1	0	0	0	59	5	65	6
40	16	16	4	16	5.5	1	70	0	0	0	0	0	0	0	0	0	72	5.25	70	6.5
40	18	18	2	18	5.5	0.5	57	0	0	0	0	0	1	0	0	0	59	5	65	6
40	19	19	1	19	5.5	1	70	0	0	1	0	0	0	0	0	0	72	5.25	70	6.5
41	1	1	16	1	6	1	44	0	0	0	0	0	0	0	0	0	46	5	0	0
41	2	2	15	2	6	1	44	0	0	0	0	0	0	0	0	0	46	5	0	0
41	3	3	14	3	6	1	55	1	0	0	0	0	0	0	0	0	57	5	0	0
41	3	3	14	3	6	1	66	1	0	0	0	0	0	0	0	0	57	5	0	0
41	9	9	10	9	6	0.5	90	1	0	1	0	0	0	0	0	0	67	5.25	91	6.5
41	9	9	10	9	6	0.5	94	1	0	0	0	0	0	0	0	0	67	5.25	91	6.5
41	9	9	10	9	6	0.5	97	1	0	0	0	0	0	0	0	0	67	5.25	91	6.5
41	11	11	8	11	6	1	-13988	0	0	0	0	0	0	0	0	0	-13988	5	0	0
41	13	13	6	13	6	1	55	0	0	0	0	0	0	0	0	1	57	5	0	0
41	15	15	5	15	6	0.5	65	0	0	0	0	0	1	0	0	0	57	5.5	65	6.5
41	17	17	3	17	6	1	44	0	0	0	0	0	0	0	0	1	46	5	0	0
41	18	18	2	18	6	0.5	65	0	0	0	0	0	1	0	0	0	57	5.5	65	6.5
42	9	9	10	9	6.5	0.25	91	1	0	1	0	0	1	0	0	0	90	6	91	6.75
42	9	9	10	9	6.5	0.25	95	1	0	0	0	0	0	0	0	0	90	6	91	6.75
42	9	9	10	9	6.5	0.25	98	1	0	0	0	0	0	0	0	0	90	6	91	6.75
42	15	15	5	15	6.5	0.5	65	0	0	0	0	0	1	0	0	0	65	6	0	0
42	16	16	4	16	6.5	0.5	70	0	0	0	0	0	1	0	0	0	70	5.5	0	0
42	18	18	2	18	6.5	0.5	65	0	0	0	0	0	1	0	0	0	65	6	0	0
42	19	19	1	19	6.5	0.5	70	0	0	0	0	0	1	0	0	0	70	5.5	0	0
43	9	9	10	9	6.75	0.25	91	1	0	1	0	0	1	0	0	0	91	6.5	0	0
43	9	9	10	9	6.75	0.25	95	1	0	0	0	0	0	0	0	0	91	6.5	0	0
43	9	9	10	9	6.75	0.25	98	1	0	0	0	0	0	0	0	0	91	6.5	0	0
43	12	12	7	12	6.75	0.25	-13988	0	0	0	0	0	0	0	0	1	-13988	5.25	0	0
*-	*-	*-	*-	*-	*-	*-	*-	*-	*-	*-	*-	*-	*-	*-	*-	*-	*-	*-	*-	*-
