**line	**field	**track	**staff	**subtrack	**start	**dur	**pitch	**chord	**accent	**marcato	**sforzando	**tenuto	**staccato	**trill	**slur_start	**slur_end	**ppitch	**pstart	**npitch	**nstart
21	1	1	6	(1)a	0	2	50	0	0	0	0	0	0	0	0	0	0	-1	49	4
21	2	1	6	(1)b	0	1	38	0	0	0	0	0	0	0	0	0	0	-1	49	4
21	4	3	5	3	0	1	38	0	0	0	0	0	0	0	0	0	0	-1	37	4
21	9	8	1	8	0	0.5	62	0	0	0	0	0	0	0	0	0	0	-1	64	0.5
22	7	6	3	6	0.5	0.5	90	0	0	0	0	0	1	0	0	0	0	-1	78	1.5
22	8	7	2	7	0.5	1	66	1	0	0	0	0	0	0	0	0	0	-1	59	1.5
22	8	7	2	7	0.5	1	71	1	0	0	0	0	0	0	0	0	0	-1	59	1.5
22	9	8	1	8	0.5	0.5	64	0	0	0	0	0	0	0	0	0	62	0	66	1
23	6	5	4	5	1	1	54	0	0	0	0	0	0	0	1	0	0	-1	62	2
23	9	8	1	8	1	0.5	66	0	0	0	0	0	0	0	0	0	64	0.5	67	1.5
24	7	6	3	6	1.5	0.5	78	0	0	0	0	0	1	0	0	0	90	0.5	67	2.5
24	8	7	2	7	1.5	1	59	1	0	0	0	0	0	0	0	0	66	0.5	67	2.5
24	8	7	2	7	1.5	1	66	1	0	0	0	0	0	0	0	0	66	0.5	67	2.5
24	9	8	1	8	1.5	0.5	67	0	0	0	0	0	0	0	0	0	66	1	69	2
29	6	5	4	5	2	1	62	0	0	0	0	0	0	0	0	0	54	1	52	3
29	9	8	1	8	2	0.5	69	0	0	0	0	0	0	0	0	0	67	1.5	71	2.5
30	7	6	3	6	2.5	0.5	67	0	0	0	0	0	0	0	0	0	78	1.5	90	3.5
30	8	7	2	7	2.5	1	67	0	0	0	0	0	0	0	0	0	59	1.5	66	3.5
30	9	8	1	8	2.5	1.5	71	0	0	0	0	0	0	0	0	0	69	2	76	4
31	6	5	4	5	3	1	52	0	0	0	0	0	0	0	0	1	62	2	55	5
32	7	6	3	6	3.5	0.5	90	0	0	0	0	0	1	0	0	0	67	2.5	78	4.5
32	8	7	2	7	3.5	1	66	1	0	0	0	0	0	0	0	0	67	2.5	59	4.5
32	8	7	2	7	3.5	1	71	1	0	0	0	0	0	0	0	0	67	2.5	59	4.5
33	1	1	6	(1)a	4	1	49	0	0	0	0	0	0	0	0	0	50	0	47	8
33	2	1	6	(1)b	4	1	49	0	0	0	0	0	0	0	0	0	50	0	47	8
33	4	3	5	3	4	1	37	0	0	0	0	0	0	0	0	0	38	0	47	8
33	9	8	1	8	4	0.5	76	0	0	0	0	0	0	0	0	0	71	2.5	75	4.5
34	7	6	3	6	4.5	0.5	78	0	0	0	0	0	1	0	0	0	90	3.5	67	5.5
34	8	7	2	7	4.5	1	59	1	0	0	0	0	0	0	0	0	66	3.5	67	5.5
34	8	7	2	7	4.5	1	66	1	0	0	0	0	0	0	0	0	66	3.5	67	5.5
34	9	8	1	8	4.5	0.5	75	0	0	0	0	0	0	0	0	0	76	4	71	5
39	6	5	4	5	5	1	55	0	0	0	0	0	0	0	1	0	52	3	64	6
39	9	8	1	8	5	1	71	0	0	0	0	0	0	0	0	0	75	4.5	67	6
40	7	6	3	6	5.5	0.5	67	0	0	0	0	0	0	0	0	0	78	4.5	83	6.5
40	8	7	2	7	5.5	1	67	0	0	0	0	0	0	0	0	0	59	4.5	59	6.5
41	6	5	4	5	6	1	64	0	0	0	0	0	0	0	0	0	55	5	54	7
41	9	8	1	8	6	0.5	67	0	0	0	0	0	0	0	0	0	71	5	69	6.5
42	7	6	3	6	6.5	0.5	83	0	0	0	0	0	0	0	0	0	67	5.5	90	7.5
42	8	7	2	7	6.5	1	59	1	0	0	0	0	0	0	0	0	67	5.5	66	7.5
42	8	7	2	7	6.5	1	64	1	0	0	0	0	0	0	0	0	67	5.5	66	7.5
42	9	8	1	8	6.5	0.5	69	0	0	0	0	0	0	0	0	0	67	6	71	7
47	6	5	4	5	7	1	54	0	0	0	0	0	0	0	0	1	64	6	52	9
47	9	8	1	8	7	1	71	0	0	0	0	0	0	0	0	0	69	6.5	76	8
48	7	6	3	6	7.5	0.5	90	0	0	0	0	0	1	0	0	0	83	6.5	78	8.5
48	8	7	2	7	7.5	1	66	1	0	0	0	0	0	0	0	0	59	6.5	59	8.5
48	8	7	2	7	7.5	1	71	1	0	0	0	0	0	0	0	0	59	6.5	59	8.5
49	1	1	6	(1)a	8	2	47	0	0	0	0	0	0	0	0	0	49	4	45	12
49	2	1	6	(1)b	8	1	47	0	0	0	0	0	0	0	0	0	49	4	45	12
49	4	3	5	3	8	1	47	0	0	0	0	0	0	0	0	0	37	4	45	12
49	9	8	1	8	8	0.5	76	0	0	0	0	0	0	0	0	0	71	7	75	8.5
50	7	6	3	6	8.5	0.5	78	0	0	0	0	0	1	0	0	0	90	7.5	67	9.5
50	8	7	2	7	8.5	1	59	1	0	0	0	0	0	0	0	0	66	7.5	67	9.5
50	8	7	2	7	8.5	1	66	1	0	0	0	0	0	0	0	0	66	7.5	67	9.5
50	9	8	1	8	8.5	0.5	75	0	0	0	0	0	0	0	0	0	76	8	71	9
51	6	5	4	5	9	1	52	0	0	0	0	0	0	0	1	0	54	7	61	10
51	9	8	1	8	9	0.5	71	0	0	0	0	0	0	0	0	0	75	8.5	67	9.5
52	7	6	3	6	9.5	0.5	67	0	0	0	0	0	0	0	0	0	78	8.5	78	10.5
52	8	7	2	7	9.5	1	67	0	0	0	0	0	0	0	0	0	59	8.5	59	10.5
52	9	8	1	8	9.5	0.5	67	0	0	0	0	0	0	0	0	0	71	9	66	10
57	6	5	4	5	10	1	61	0	0	0	0	0	0	0	0	0	52	9	50	11
57	9	8	1	8	10	0.5	66	0	0	0	0	0	0	0	0	0	67	9.5	64	10.5
58	7	6	3	6	10.5	0.5	78	0	0	0	0	0	1	0	0	0	67	9.5	83	11.5
58	8	7	2	7	10.5	1	59	1	0	0	0	0	0	0	0	0	67	9.5	59	11.5
58	8	7	2	7	10.5	1	66	1	0	0	0	0	0	0	0	0	67	9.5	59	11.5
58	9	8	1	8	10.5	0.5	64	0	0	0	0	0	0	0	0	0	66	10	66	11
59	6	5	4	5	11	1	50	0	0	0	0	0	0	0	0	1	61	10	54	13
59	9	8	1	8	11	1	66	0	0	0	0	0	0	0	0	0	64	10.5	62	12
60	7	6	3	6	11.5	0.5	83	0	0	0	0	0	0	0	0	0	78	10.5	90	12.5
60	8	7	2	7	11.5	1	59	1	0	0	0	0	0	0	0	0	59	10.5	66	12.5
60	8	7	2	7	11.5	1	64	1	0	0	0	0	0	0	0	0	59	10.5	66	12.5
62	1	1	6	(1)a	12	2	45	0	0	0	0	0	0	0	0	0	47	8	43	16
62	2	1	6	(1)b	12	1	45	0	0	0	0	0	0	0	0	0	47	8	43	16
62	4	3	5	3	12	1	45	0	0	0	0	0	0	0	0	0	47	8	43	16
62	9	8	1	8	12	0.5	62	0	0	0	0	0	0	0	0	0	66	11	64	12.5
63	7	6	3	6	12.5	0.5	90	0	0	0	0	0	1	0	0	0	83	11.5	78	13.5
63	8	7	2	7	12.5	1	66	1	0	0	0	0	0	0	0	0	59	11.5	59	13.5
63	8	7	2	7	12.5	1	71	1	0	0	0	0	0	0	0	0	59	11.5	59	13.5
63	9	8	1	8	12.5	0.5	64	0	0	0	0	0	0	0	0	0	62	12	66	13
64	6	5	4	5	13	1	54	0	0	0	0	0	0	0	1	0	50	11	62	14
64	9	8	1	8	13	0.5	66	0	0	0	0	0	0	0	0	0	64	12.5	67	13.5
65	7	6	3	6	13.5	0.5	78	0	0	0	0	0	1	0	0	0	90	12.5	67	14.5
65	8	7	2	7	13.5	1	59	1	0	0	0	0	0	0	0	0	66	12.5	67	14.5
65	8	7	2	7	13.5	1	66	1	0	0	0	0	0	0	0	0	66	12.5	67	14.5
65	9	8	1	8	13.5	0.5	67	0	0	0	0	0	0	0	0	0	66	13	69	14
70	6	5	4	5	14	1	62	0	0	0	0	0	0	0	0	0	54	13	52	15
70	9	8	1	8	14	0.5	69	0	0	0	0	0	0	0	0	0	67	13.5	71	14.5
71	7	6	3	6	14.5	0.5	67	0	0	0	0	0	0	0	0	0	78	13.5	78	15.5
71	8	7	2	7	14.5	1	67	0	0	0	0	0	0	0	0	0	59	13.5	59	15.5
71	9	8	1	8	14.5	1.5	71	0	0	0	0	0	0	0	0	0	69	14	76	16
72	6	5	4	5	15	1	52	0	0	0	0	0	0	0	0	1	62	14	55	17
73	7	6	3	6	15.5	0.5	78	0	0	0	0	0	1	0	0	0	67	14.5	90	16.5
73	8	7	2	7	15.5	1	59	1	0	0	0	0	0	0	0	0	67	14.5	66	16.5
73	8	7	2	7	15.5	1	64	1	0	0	0	0	0	0	0	0	67	14.5	66	16.5
74	1	1	6	(1)a	16	1	43	0	0	0	0	0	0	0	0	0	45	12	45	20
74	2	1	6	(1)b	16	1	43	0	0	0	0	0	0	0	0	0	45	12	45	20
74	4	3	5	3	16	1	43	0	0	0	0	0	0	0	0	0	45	12	45	20
74	9	8	1	8	16	0.5	76	0	0	0	0	0	0	0	0	0	71	14.5	75	16.5
75	7	6	3	6	16.5	0.5	90	0	0	0	0	0	1	0	0	0	78	15.5	78	17.5
75	8	7	2	7	16.5	1	66	1	0	0	0	0	0	0	0	0	59	15.5	59	17.5
75	8	7	2	7	16.5	1	71	1	0	0	0	0	0	0	0	0	59	15.5	59	17.5
75	9	8	1	8	16.5	0.5	75	0	0	0	0	0	0	0	0	0	76	16	71	17
80	6	5	4	5	17	1	55	0	0	0	0	0	0	0	1	0	52	15	64	18
80	9	8	1	8	17	1	71	0	0	0	0	0	0	0	0	0	75	16.5	67	18
81	7	6	3	6	17.5	0.5	78	0	0	0	0	0	1	0	0	0	90	16.5	67	18.5
81	8	7	2	7	17.5	1	59	1	0	0	0	0	0	0	0	0	66	16.5	67	18.5
81	8	7	2	7	17.5	1	66	1	0	0	0	0	0	0	0	0	66	16.5	67	18.5
82	6	5	4	5	18	1	64	0	0	0	0	0	0	0	0	0	55	17	54	19
82	9	8	1	8	18	0.5	67	0	0	0	0	0	0	0	0	0	71	17	69	18.5
83	7	6	3	6	18.5	0.5	67	0	0	0	0	0	0	0	0	0	78	17.5	90	19.5
83	8	7	2	7	18.5	1	67	0	0	0	0	0	0	0	0	0	59	17.5	66	19.5
83	9	8	1	8	18.5	0.5	69	0	0	0	0	0	0	0	0	0	67	18	71	19
88	6	5	4	5	19	1	54	0	0	0	0	0	0	0	0	1	64	18	57	21
88	9	8	1	8	19	1	71	0	0	0	0	0	0	0	0	0	69	18.5	76	20
89	7	6	3	6	19.5	0.5	90	0	0	0	0	0	1	0	0	0	67	18.5	78	20.5
89	8	7	2	7	19.5	1	66	1	0	0	0	0	0	0	0	0	67	18.5	59	20.5
89	8	7	2	7	19.5	1	71	1	0	0	0	0	0	0	0	0	67	18.5	59	20.5
90	1	1	6	(1)a	20	2	45	0	0	0	0	0	0	0	0	0	43	16	47	24
90	2	1	6	(1)b	20	1	45	0	0	0	0	0	0	0	0	0	43	16	47	24
90	4	3	5	3	20	1	45	0	0	0	0	0	0	0	0	0	43	16	47	24
90	9	8	1	8	20	0.5	76	0	0	0	0	0	0	0	0	0	71	19	75	20.5
91	7	6	3	6	20.5	0.5	78	0	0	0	0	0	1	0	0	0	90	19.5	67	21.5
91	8	7	2	7	20.5	1	59	1	0	0	0	0	0	0	0	0	66	19.5	67	21.5
91	8	7	2	7	20.5	1	66	1	0	0	0	0	0	0	0	0	66	19.5	67	21.5
91	9	8	1	8	20.5	0.5	75	0	0	0	0	0	0	0	0	0	76	20	71	21
92	6	5	4	5	21	1	57	0	0	0	0	0	0	0	1	0	54	19	66	22
92	9	8	1	8	21	0.5	71	0	0	0	0	0	0	0	0	0	75	20.5	67	21.5
93	7	6	3	6	21.5	0.5	67	0	0	0	0	0	0	0	0	0	78	20.5	83	22.5
93	8	7	2	7	21.5	1	67	0	0	0	0	0	0	0	0	0	59	20.5	59	22.5
93	9	8	1	8	21.5	0.5	67	0	0	0	0	0	0	0	0	0	71	21	66	22
98	6	5	4	5	22	1	66	0	0	0	0	0	0	0	0	0	57	21	55	23
98	9	8	1	8	22	0.5	66	0	0	0	0	0	0	0	0	0	67	21.5	64	22.5
99	7	6	3	6	22.5	0.5	83	0	0	0	0	0	0	0	0	0	67	21.5	90	23.5
99	8	7	2	7	22.5	1	59	1	0	0	0	0	0	0	0	0	67	21.5	66	23.5
99	8	7	2	7	22.5	1	64	1	0	0	0	0	0	0	0	0	67	21.5	66	23.5
99	9	8	1	8	22.5	0.5	64	0	0	0	0	0	0	0	0	0	66	22	66	23
100	6	5	4	5	23	1	55	0	0	0	0	0	0	0	0	1	66	22	57	25
100	9	8	1	8	23	1	66	0	0	0	0	0	0	0	0	0	64	22.5	62	24
101	7	6	3	6	23.5	0.5	90	0	0	0	0	0	1	0	0	0	83	22.5	78	24.5
101	8	7	2	7	23.5	1	66	1	0	0	0	0	0	0	0	0	59	22.5	59	24.5
101	8	7	2	7	23.5	1	71	1	0	0	0	0	0	0	0	0	59	22.5	59	24.5
103	1	1	6	(1)a	24	2	47	0	0	0	0	0	0	0	0	0	45	20	49	28
103	2	1	6	(1)b	24	1	47	0	0	0	0	0	0	0	0	0	45	20	49	28
103	4	3	5	3	24	1	47	0	0	0	0	0	0	0	0	0	45	20	48	28
103	9	8	1	8	24	0.5	62	0	0	0	0	0	0	0	0	0	66	23	64	24.5
104	7	6	3	6	24.5	0.5	78	0	0	0	0	0	1	0	0	0	90	23.5	67	25.5
104	8	7	2	7	24.5	1	59	1	0	0	0	0	0	0	0	0	66	23.5	67	25.5
104	8	7	2	7	24.5	1	66	1	0	0	0	0	0	0	0	0	66	23.5	67	25.5
104	9	8	1	8	24.5	0.5	64	0	0	0	0	0	0	0	0	0	62	24	66	25
105	6	5	4	5	25	1	57	0	0	0	0	0	0	0	1	0	55	23	66	26
105	9	8	1	8	25	0.5	66	0	0	0	0	0	0	0	0	0	64	24.5	67	25.5
106	7	6	3	6	25.5	0.5	67	0	0	0	0	0	0	0	0	0	78	24.5	78	26.5
106	8	7	2	7	25.5	1	67	0	0	0	0	0	0	0	0	0	59	24.5	59	26.5
106	9	8	1	8	25.5	0.5	67	0	0	0	0	0	0	0	0	0	66	25	69	26
111	6	5	4	5	26	1	66	0	0	0	0	0	0	0	0	0	57	25	55	27
111	9	8	1	8	26	0.5	69	0	0	0	0	0	0	0	0	0	67	25.5	71	26.5
112	7	6	3	6	26.5	0.5	78	0	0	0	0	0	1	0	0	0	67	25.5	83	27.5
112	8	7	2	7	26.5	1	59	1	0	0	0	0	0	0	0	0	67	25.5	59	27.5
112	8	7	2	7	26.5	1	66	1	0	0	0	0	0	0	0	0	67	25.5	59	27.5
112	9	8	1	8	26.5	1.5	71	0	0	0	0	0	0	0	0	0	69	26	76	28
113	6	5	4	5	27	1	55	0	0	0	0	0	0	0	0	1	66	26	59	29
114	7	6	3	6	27.5	0.5	83	0	0	0	0	0	0	0	0	0	78	26.5	90	28.5
114	8	7	2	7	27.5	1	59	1	0	0	0	0	0	0	0	0	59	26.5	66	28.5
114	8	7	2	7	27.5	1	64	1	0	0	0	0	0	0	0	0	59	26.5	66	28.5
115	1	1	6	(1)a	28	1	49	0	0	0	0	0	0	0	0	0	47	24	50	32
115	2	1	6	(1)b	28	1	48	0	0	0	0	0	0	0	0	0	47	24	50	32
115	4	3	5	3	28	1	48	0	0	0	0	0	0	0	0	0	47	24	50	32
115	9	8	1	8	28	0.5	76	0	0	0	0	0	0	0	0	0	71	26.5	75	28.5
116	7	6	3	6	28.5	0.5	90	0	0	0	0	0	1	0	0	0	83	27.5	78	29.5
116	8	7	2	7	28.5	1	66	1	0	0	0	0	0	0	0	0	59	27.5	59	29.5
116	8	7	2	7	28.5	1	71	1	0	0	0	0	0	0	0	0	59	27.5	59	29.5
116	9	8	1	8	28.5	0.5	75	0	0	0	0	0	0	0	0	0	76	28	71	29
121	6	5	4	5	29	1	59	0	0	0	0	0	0	0	1	0	55	27	64	30
121	9	8	1	8	29	1	71	0	0	0	0	0	0	0	0	0	75	28.5	67	30
122	7	6	3	6	29.5	0.5	78	0	0	0	0	0	1	0	0	0	90	28.5	67	30.5
122	8	7	2	7	29.5	1	59	1	0	0	0	0	0	0	0	0	66	28.5	67	30.5
122	8	7	2	7	29.5	1	66	1	0	0	0	0	0	0	0	0	66	28.5	67	30.5
123	6	5	4	5	30	1	64	0	0	0	0	0	0	0	0	0	59	29	54	31
123	9	8	1	8	30	0.5	67	0	0	0	0	0	0	0	0	0	71	29	69	30.5
124	7	6	3	6	30.5	0.5	67	0	0	0	0	0	0	0	0	0	78	29.5	83	31.5
124	8	7	2	7	30.5	1	67	0	0	0	0	0	0	0	0	0	59	29.5	59	31.5
124	9	8	1	8	30.5	0.5	69	0	0	0	0	0	0	0	0	0	67	30	71	31
129	6	5	4	5	31	1	54	0	0	0	0	0	0	0	0	1	64	30	57	33
129	9	8	1	8	31	1	71	0	0	0	0	0	0	0	0	0	69	30.5	76	32
130	7	6	3	6	31.5	0.5	83	0	0	0	0	0	0	0	0	0	67	30.5	90	32.5
130	8	7	2	7	31.5	1	59	1	0	0	0	0	0	0	0	0	67	30.5	66	32.5
130	8	7	2	7	31.5	1	64	1	0	0	0	0	0	0	0	0	67	30.5	66	32.5
131	1	1	6	(1)a	32	2	50	0	0	0	0	0	0	0	0	0	49	28	49	36
131	2	1	6	(1)b	32	1	50	0	0	0	0	0	0	0	0	0	49	28	49	36
131	4	3	5	3	32	1	50	0	0	0	0	0	0	0	0	0	48	28	49	36
131	9	8	1	8	32	0.5	76	0	0	0	0	0	0	0	0	0	71	31	75	32.5
132	7	6	3	6	32.5	0.5	90	0	0	0	0	0	1	0	0	0	83	31.5	78	33.5
132	8	7	2	7	32.5	1	66	1	0	0	0	0	0	0	0	0	59	31.5	59	33.5
132	8	7	2	7	32.5	1	71	1	0	0	0	0	0	0	0	0	59	31.5	59	33.5
132	9	8	1	8	32.5	0.5	75	0	0	0	0	0	0	0	0	0	76	32	71	33
133	6	5	4	5	33	1	57	0	0	0	0	0	0	0	1	0	54	31	66	34
133	9	8	1	8	33	0.5	71	0	0	0	0	0	0	0	0	0	75	32.5	67	33.5
134	7	6	3	6	33.5	0.5	78	0	0	0	0	0	1	0	0	0	90	32.5	67	34.5
134	8	7	2	7	33.5	1	59	1	0	0	0	0	0	0	0	0	66	32.5	67	34.5
134	8	7	2	7	33.5	1	66	1	0	0	0	0	0	0	0	0	66	32.5	67	34.5
134	9	8	1	8	33.5	0.5	67	0	0	0	0	0	0	0	0	0	71	33	66	34
139	6	5	4	5	34	1	66	0	0	0	0	0	0	0	0	0	57	33	52	35
139	9	8	1	8	34	0.5	66	0	0	0	0	0	0	0	0	0	67	33.5	64	34.5
140	7	6	3	6	34.5	0.5	67	0	0	0	0	0	0	0	0	0	78	33.5	90	35.5
140	8	7	2	7	34.5	1	67	0	0	0	0	0	0	0	0	0	59	33.5	66	35.5
140	9	8	1	8	34.5	0.5	64	0	0	0	0	0	0	0	0	0	66	34	66	35
141	6	5	4	5	35	1	52	0	0	0	0	0	0	0	0	1	66	34	66	37
141	9	8	1	8	35	1	66	0	0	0	0	0	0	0	0	0	64	34.5	62	36
142	7	6	3	6	35.5	0.5	90	0	0	0	0	0	1	0	0	0	67	34.5	78	36.5
142	8	7	2	7	35.5	1	66	1	0	0	0	0	0	0	0	0	67	34.5	59	36.5
142	8	7	2	7	35.5	1	71	1	0	0	0	0	0	0	0	0	67	34.5	59	36.5
144	1	1	6	(1)a	36	2	49	0	0	0	0	0	0	0	0	0	50	32	49	40
144	2	1	6	(1)b	36	1	49	0	0	0	0	0	0	0	0	0	50	32	49	40
144	4	3	5	3	36	1	49	0	0	0	0	0	0	0	0	0	50	32	48	40
144	9	8	1	8	36	0.5	62	0	0	0	0	0	0	0	0	0	66	35	64	36.5
145	7	6	3	6	36.5	0.5	78	0	0	0	0	0	1	0	0	0	90	35.5	67	37.5
145	8	7	2	7	36.5	1	59	1	0	0	0	0	0	0	0	0	66	35.5	67	37.5
145	8	7	2	7	36.5	1	66	1	0	0	0	0	0	0	0	0	66	35.5	67	37.5
145	9	8	1	8	36.5	0.5	64	0	0	0	0	0	0	0	0	0	62	36	66	37
146	6	5	4	5	37	1	66	0	0	0	0	0	0	0	1	0	52	35	74	38
146	9	8	1	8	37	0.5	66	0	0	0	0	0	0	0	0	0	64	36.5	67	37.5
147	7	6	3	6	37.5	0.5	67	0	0	0	0	0	0	0	0	0	78	36.5	83	38.5
147	8	7	2	7	37.5	1	67	0	0	0	0	0	0	0	0	0	59	36.5	59	38.5
147	9	8	1	8	37.5	0.5	67	0	0	0	0	0	0	0	0	0	66	37	69	38
152	6	5	4	5	38	1	74	0	0	0	0	0	0	0	0	0	66	37	64	39
152	9	8	1	8	38	0.5	69	0	0	0	0	0	0	0	0	0	67	37.5	71	38.5
153	7	6	3	6	38.5	0.5	83	0	0	0	0	0	0	0	0	0	67	37.5	90	39.5
153	8	7	2	7	38.5	1	59	1	0	0	0	0	0	0	0	0	67	37.5	66	39.5
153	8	7	2	7	38.5	1	64	1	0	0	0	0	0	0	0	0	67	37.5	66	39.5
153	9	8	1	8	38.5	1.5	71	0	0	0	0	0	0	0	0	0	69	38	76	40
154	6	5	4	5	39	1	64	0	0	0	0	0	0	0	0	1	74	38	64	41
155	7	6	3	6	39.5	0.5	90	0	0	0	0	0	1	0	0	0	83	38.5	78	40.5
155	8	7	2	7	39.5	1	66	1	0	0	0	0	0	0	0	0	59	38.5	59	40.5
155	8	7	2	7	39.5	1	71	1	0	0	0	0	0	0	0	0	59	38.5	59	40.5
156	1	1	6	(1)a	40	1	49	0	0	0	0	0	0	0	0	0	49	36	47	44
156	2	1	6	(1)b	40	1	48	0	0	0	0	0	0	0	0	0	49	36	47	44
156	4	3	5	3	40	1	48	0	0	0	0	0	0	0	0	0	49	36	47	44
156	9	8	1	8	40	0.5	76	0	0	0	0	0	0	0	0	0	71	38.5	75	40.5
157	7	6	3	6	40.5	0.5	78	0	0	0	0	0	1	0	0	0	90	39.5	67	41.5
157	8	7	2	7	40.5	1	59	1	0	0	0	0	0	0	0	0	66	39.5	67	41.5
157	8	7	2	7	40.5	1	66	1	0	0	0	0	0	0	0	0	66	39.5	67	41.5
157	9	8	1	8	40.5	0.5	75	0	0	0	0	0	0	0	0	0	76	40	71	41
162	6	5	4	5	41	1	64	0	0	0	0	0	0	0	1	0	64	39	73	42
162	9	8	1	8	41	1	71	0	0	0	0	0	0	0	0	0	75	40.5	67	42
163	7	6	3	6	41.5	0.5	67	0	0	0	0	0	0	0	0	0	78	40.5	78	42.5
163	8	7	2	7	41.5	1	67	0	0	0	0	0	0	0	0	0	59	40.5	59	42.5
164	6	5	4	5	42	1	73	0	0	0	0	0	0	0	0	0	64	41	62	43
164	9	8	1	8	42	0.5	67	0	0	0	0	0	0	0	0	0	71	41	69	42.5
165	7	6	3	6	42.5	0.5	78	0	0	0	0	0	1	0	0	0	67	41.5	83	43.5
165	8	7	2	7	42.5	1	59	1	0	0	0	0	0	0	0	0	67	41.5	59	43.5
165	8	7	2	7	42.5	1	66	1	0	0	0	0	0	0	0	0	67	41.5	59	43.5
165	9	8	1	8	42.5	0.5	69	0	0	0	0	0	0	0	0	0	67	42	71	43
170	6	5	4	5	43	1	62	0	0	0	0	0	0	0	0	1	73	42	62	45
170	9	8	1	8	43	1	71	0	0	0	0	0	0	0	0	0	69	42.5	76	44
171	7	6	3	6	43.5	0.5	83	0	0	0	0	0	0	0	0	0	78	42.5	90	44.5
171	8	7	2	7	43.5	1	59	1	0	0	0	0	0	0	0	0	59	42.5	66	44.5
171	8	7	2	7	43.5	1	64	1	0	0	0	0	0	0	0	0	59	42.5	66	44.5
172	1	1	6	(1)a	44	2	47	0	0	0	0	0	0	0	0	0	49	40	47	48
172	2	1	6	(1)b	44	1	47	0	0	0	0	0	0	0	0	0	49	40	47	48
172	4	3	5	3	44	1	47	0	0	0	0	0	0	0	0	0	48	40	47	48
172	9	8	1	8	44	0.5	76	0	0	0	0	0	0	0	0	0	71	43	75	44.5
173	7	6	3	6	44.5	0.5	90	0	0	0	0	0	1	0	0	0	83	43.5	78	45.5
173	8	7	2	7	44.5	1	66	1	0	0	0	0	0	0	0	0	59	43.5	59	45.5
173	8	7	2	7	44.5	1	71	1	0	0	0	0	0	0	0	0	59	43.5	59	45.5
173	9	8	1	8	44.5	0.5	75	0	0	0	0	0	0	0	0	0	76	44	71	45
174	6	5	4	5	45	1	62	0	0	0	0	0	0	0	1	0	62	43	71	46
174	9	8	1	8	45	0.5	71	0	0	0	0	0	0	0	0	0	75	44.5	67	45.5
175	7	6	3	6	45.5	0.5	78	0	0	0	0	0	1	0	0	0	90	44.5	67	46.5
175	8	7	2	7	45.5	1	59	1	0	0	0	0	0	0	0	0	66	44.5	67	46.5
175	8	7	2	7	45.5	1	66	1	0	0	0	0	0	0	0	0	66	44.5	67	46.5
175	9	8	1	8	45.5	0.5	67	0	0	0	0	0	0	0	0	0	71	45	66	46
180	6	5	4	5	46	1	71	0	0	0	0	0	0	0	0	0	62	45	61	47
180	9	8	1	8	46	0.5	66	0	0	0	0	0	0	0	0	0	67	45.5	64	46.5
181	7	6	3	6	46.5	0.5	67	0	0	0	0	0	0	0	0	0	78	45.5	83	47.5
181	8	7	2	7	46.5	1	67	0	0	0	0	0	0	0	0	0	59	45.5	59	47.5
181	9	8	1	8	46.5	0.5	64	0	0	0	0	0	0	0	0	0	66	46	66	47
182	6	5	4	5	47	1	61	0	0	0	0	0	0	0	0	1	71	46	54	49
182	9	8	1	8	47	1	66	0	0	0	0	0	0	0	0	0	64	46.5	62	48
183	7	6	3	6	47.5	0.5	83	0	0	0	0	0	0	0	0	0	67	46.5	90	48.5
183	8	7	2	7	47.5	1	59	1	0	0	0	0	0	0	0	0	67	46.5	66	48.5
183	8	7	2	7	47.5	1	64	1	0	0	0	0	0	0	0	0	67	46.5	66	48.5
185	1	1	6	(1)a	48	2	47	0	0	0	0	0	0	0	0	0	47	44	47	52
185	2	1	6	(1)b	48	1	47	0	0	0	0	0	0	0	0	0	47	44	47	52
185	4	3	5	3	48	1	47	0	0	0	0	0	0	0	0	0	47	44	47	52
185	9	8	1	8	48	0.5	62	0	0	0	0	0	0	0	0	0	66	47	64	48.5
186	7	6	3	6	48.5	0.5	90	0	0	0	0	0	1	0	0	0	83	47.5	78	49.5
186	8	7	2	7	48.5	1	66	1	0	0	0	0	0	0	0	0	59	47.5	59	49.5
186	8	7	2	7	48.5	1	71	1	0	0	0	0	0	0	0	0	59	47.5	59	49.5
186	9	8	1	8	48.5	0.5	64	0	0	0	0	0	0	0	0	0	62	48	66	49
187	6	5	4	5	49	1	54	0	0	0	0	0	0	0	1	0	61	47	62	50
187	9	8	1	8	49	0.5	66	0	0	0	0	0	0	0	0	0	64	48.5	67	49.5
188	7	6	3	6	49.5	0.5	78	0	0	0	0	0	1	0	0	0	90	48.5	67	50.5
188	8	7	2	7	49.5	1	59	1	0	0	0	0	0	0	0	0	66	48.5	67	50.5
188	8	7	2	7	49.5	1	66	1	0	0	0	0	0	0	0	0	66	48.5	67	50.5
188	9	8	1	8	49.5	0.5	67	0	0	0	0	0	0	0	0	0	66	49	69	50
193	6	5	4	5	50	1	62	0	0	0	0	0	0	0	0	0	54	49	52	51
193	9	8	1	8	50	0.5	69	0	0	0	0	0	0	0	0	0	67	49.5	71	50.5
194	7	6	3	6	50.5	0.5	67	0	0	0	0	0	0	0	0	0	78	49.5	90	51.5
194	8	7	2	7	50.5	1	67	0	0	0	0	0	0	0	0	0	59	49.5	66	51.5
194	9	8	1	8	50.5	1.5	71	0	0	0	0	0	0	0	0	0	69	50	76	52
195	6	5	4	5	51	1	52	0	0	0	0	0	0	0	0	1	62	50	55	53
196	7	6	3	6	51.5	0.5	90	0	0	0	0	0	1	0	0	0	67	50.5	78	52.5
196	8	7	2	7	51.5	1	66	1	0	0	0	0	0	0	0	0	67	50.5	59	52.5
196	8	7	2	7	51.5	1	71	1	0	0	0	0	0	0	0	0	67	50.5	59	52.5
197	1	1	6	(1)a	52	1	47	0	0	0	0	0	0	0	0	0	47	48	47	56
197	2	1	6	(1)b	52	1	47	0	0	0	0	0	0	0	0	0	47	48	47	56
197	4	3	5	3	52	1	47	0	0	0	0	0	0	0	0	0	47	48	47	56
197	9	8	1	8	52	0.5	76	0	0	0	0	0	0	0	0	0	71	50.5	75	52.5
198	7	6	3	6	52.5	0.5	78	0	0	0	0	0	1	0	0	0	90	51.5	67	53.5
198	8	7	2	7	52.5	1	59	1	0	0	0	0	0	0	0	0	66	51.5	67	53.5
198	8	7	2	7	52.5	1	66	1	0	0	0	0	0	0	0	0	66	51.5	67	53.5
198	9	8	1	8	52.5	0.5	75	0	0	0	0	0	0	0	0	0	76	52	71	53
203	6	5	4	5	53	1	55	0	0	0	0	0	0	0	1	0	52	51	64	54
203	9	8	1	8	53	1	71	0	0	0	0	0	0	0	0	0	75	52.5	67	54
204	7	6	3	6	53.5	0.5	67	0	0	0	0	0	0	0	0	0	78	52.5	83	54.5
204	8	7	2	7	53.5	1	67	0	0	0	0	0	0	0	0	0	59	52.5	59	54.5
205	6	5	4	5	54	1	64	0	0	0	0	0	0	0	0	0	55	53	54	55
205	9	8	1	8	54	0.5	67	0	0	0	0	0	0	0	0	0	71	53	69	54.5
206	7	6	3	6	54.5	0.5	83	0	0	0	0	0	0	0	0	0	67	53.5	90	55.5
206	8	7	2	7	54.5	1	59	1	0	0	0	0	0	0	0	0	67	53.5	66	55.5
206	8	7	2	7	54.5	1	64	1	0	0	0	0	0	0	0	0	67	53.5	66	55.5
206	9	8	1	8	54.5	0.5	69	0	0	0	0	0	0	0	0	0	67	54	71	55
211	6	5	4	5	55	1	54	0	0	0	0	0	0	0	0	1	64	54	52	57
211	9	8	1	8	55	1	71	0	0	0	0	0	0	0	0	0	69	54.5	76	56
212	7	6	3	6	55.5	0.5	90	0	0	0	0	0	1	0	0	0	83	54.5	78	56.5
212	8	7	2	7	55.5	1	66	1	0	0	0	0	0	0	0	0	59	54.5	59	56.5
212	8	7	2	7	55.5	1	71	1	0	0	0	0	0	0	0	0	59	54.5	59	56.5
213	1	1	6	(1)a	56	4	47	0	0	0	0	0	0	0	0	0	47	52	0	0
213	2	1	6	(1)b	56	1	47	0	0	0	0	0	0	0	0	0	47	52	0	0
213	4	3	5	3	56	1	47	0	0	0	0	0	0	0	0	0	47	52	0	0
213	9	8	1	8	56	0.5	76	0	0	0	0	0	0	0	0	0	71	55	75	56.5
214	7	6	3	6	56.5	0.5	78	0	0	0	0	0	1	0	0	0	90	55.5	67	57.5
214	8	7	2	7	56.5	1	59	1	0	0	0	0	0	0	0	0	66	55.5	67	57.5
214	8	7	2	7	56.5	1	66	1	0	0	0	0	0	0	0	0	66	55.5	67	57.5
214	9	8	1	8	56.5	0.5	75	0	0	0	0	0	0	0	0	0	76	56	71	57
215	6	5	4	5	57	1	52	0	0	0	0	0	0	0	1	0	54	55	61	58
215	9	8	1	8	57	0.5	71	0	0	0	0	0	0	0	0	0	75	56.5	67	57.5
216	7	6	3	6	57.5	0.5	67	0	0	0	0	0	0	0	0	0	78	56.5	78	58.5
216	8	7	2	7	57.5	1	67	0	0	0	0	0	0	0	0	0	59	56.5	59	58.5
216	9	8	1	8	57.5	0.5	67	0	0	0	0	0	0	0	0	0	71	57	66	58
221	6	5	4	5	58	1	61	0	0	0	0	0	0	0	0	0	52	57	50	59
221	9	8	1	8	58	0.5	66	0	0	0	0	0	0	0	0	0	67	57.5	64	58.5
222	7	6	3	6	58.5	0.5	78	0	0	0	0	0	1	0	0	0	67	57.5	83	59.5
222	8	7	2	7	58.5	1	59	1	0	0	0	0	0	0	0	0	67	57.5	59	59.5
222	8	7	2	7	58.5	1	66	1	0	0	0	0	0	0	0	0	67	57.5	59	59.5
222	9	8	1	8	58.5	0.5	64	0	0	0	0	0	0	0	0	0	66	58	66	59
223	6	5	4	5	59	1	50	0	0	0	0	0	0	0	0	1	61	58	0	0
223	9	8	1	8	59	1	66	0	0	0	0	0	0	0	0	0	64	58.5	0	0
224	7	6	3	6	59.5	0.5	83	0	0	0	0	0	0	0	0	0	78	58.5	0	0
224	8	7	2	7	59.5	0.5	59	1	0	0	0	0	0	0	0	0	59	58.5	0	0
224	8	7	2	7	59.5	0.5	64	1	0	0	0	0	0	0	0	0	59	58.5	0	0
*-	*-	*-	*-	*-	*-	*-	*-	*-	*-	*-	*-	*-	*-	*-	*-	*-	*-	*-	*-	*-
