**line	**field	**track	**staff	**subtrack	**start	**dur	**pitch	**chord	**accent	**marcato	**sforzando	**tenuto	**staccato	**trill	**slur_start	**slur_end	**ppitch	**pstart	**npitch	**nstart
20	1	1	26	1	0	8.5	28	1	0	0	0	0	0	0	0	0	0	-1	0	0
20	1	1	26	1	0	8.5	36	1	0	0	0	0	0	0	0	0	0	-1	0	0
20	3	3	25	3	0	16	86	0	0	0	0	0	0	0	0	0	0	-1	0	0
20	5	5	24	5	0	16	100	0	0	0	0	0	0	0	0	0	0	-1	0	0
20	8	7	23	(7)b	0	4	-13988	0	0	0	0	0	0	0	0	0	0	-1	-13988	4
20	15	12	20	(12)b	0	4	-13988	0	0	0	0	0	0	0	0	0	0	-1	-13988	5
20	22	18	17	18	0	4	-13988	0	0	0	0	0	0	0	0	0	0	-1	-13988	4
20	26	22	15	22	0	8	41	0	1	0	0	0	0	0	0	0	0	-1	0	0
20	28	24	14	24	0	4.5	36	0	0	0	0	0	0	0	0	0	0	-1	0	0
20	30	26	13	26	0	4.5	41	1	0	0	0	0	0	0	0	0	0	-1	0	0
20	30	26	13	26	0	4.5	48	1	0	0	0	0	0	0	0	0	0	-1	0	0
20	32	28	12	(28)a	0	4.5	53	0	0	0	0	0	0	0	0	0	0	-1	0	0
20	33	28	12	(28)b	0	0.5	48	1	0	0	0	0	0	0	0	0	0	-1	0	0
20	33	28	12	(28)b	0	0.5	53	1	0	0	0	0	0	0	0	0	0	-1	0	0
20	39	34	9	34	0	12.5	45	1	0	0	0	0	0	0	0	0	0	-1	0	0
20	39	34	9	34	0	12.5	57	1	0	0	0	0	0	0	0	0	0	-1	0	0
20	41	36	8	36	0	12.5	45	1	0	0	0	0	0	0	0	0	0	-1	0	0
20	41	36	8	36	0	12.5	57	1	0	0	0	0	0	0	0	0	0	-1	0	0
20	43	38	7	38	0	12.5	50	1	0	0	0	0	0	0	0	0	0	-1	0	0
20	43	38	7	38	0	12.5	62	1	0	0	0	0	0	0	0	0	0	-1	0	0
20	45	40	6	40	0	12.5	50	1	0	0	0	0	0	0	0	0	0	-1	0	0
20	45	40	6	40	0	12.5	62	1	0	0	0	0	0	0	0	0	0	-1	0	0
20	51	46	3	46	0	4.5	86	0	0	0	0	0	0	0	0	0	0	-1	0	0
20	55	50	1	50	0	4.5	96	0	0	0	0	0	0	0	0	0	0	-1	88	12.625
21	20	16	18	(16)b	0.5	0.5	-13988	0	0	0	0	0	0	0	0	0	0	-1	-13988	1
22	17	14	19	14	1	0	-13988	0	0	0	0	0	0	0	0	0	0	-1	-13988	1
23	17	14	19	14	1	0	-13988	0	0	0	0	0	0	0	0	0	-13988	1	-13988	1
24	17	14	19	14	1	0.5	-13988	0	0	0	0	0	1	0	0	0	-13988	1	-13988	2
25	14	12	20	(12)a	1.5	0.5	-13988	0	0	0	0	0	1	0	0	0	0	-1	-13988	6
25	19	16	18	(16)a	1.5	0.5	-13988	0	0	0	0	0	0	0	0	0	0	-1	-13988	3
26	17	14	19	14	2	0	-13988	0	0	0	0	0	0	0	0	0	-13988	1	-13988	2
27	17	14	19	14	2	0	-13988	0	0	0	0	0	0	0	0	0	-13988	2	-13988	2
28	17	14	19	14	2	0.5	-13988	0	0	0	0	0	1	0	0	0	-13988	2	-13988	2.5
28	47	42	5	42	2	10.5	28	0	0	0	0	0	0	0	0	0	0	-1	0	0
28	49	44	4	44	2	10.5	36	0	0	0	0	0	0	0	0	0	0	-1	0	0
29	17	14	19	14	2.5	0.5	-13988	0	0	0	0	0	1	0	0	0	-13988	2	-13988	4
30	12	10	21	(10)b	3	1	-13988	0	0	0	0	0	0	0	0	0	0	-1	-13988	5
30	19	16	18	(16)a	3	0.333333	-13988	0	0	0	0	0	0	0	0	0	-13988	1.5	-13988	3.33333
31	19	16	18	(16)a	3.33333	0.333333	-13988	0	0	0	0	0	0	0	0	0	-13988	3	-13988	3.66667
32	19	16	18	(16)a	3.66667	0.333333	-13988	0	0	0	0	0	0	0	0	0	-13988	3.33333	-13988	5
35	17	14	19	14	4	0	-13988	0	0	0	0	0	0	0	0	0	-13988	2.5	-13988	4
37	17	14	19	14	4	0	-13988	0	0	0	0	0	0	0	0	0	-13988	4	-13988	4
38	8	7	23	(7)b	4	4	-13988	0	0	0	0	0	0	0	0	0	-13988	0	-13988	8
38	11	10	21	(10)a	4	0.25	-13988	0	0	0	0	0	0	0	0	0	0	-1	-13988	4.5
38	17	14	19	14	4	0.5	-13988	0	0	0	0	0	1	0	0	0	-13988	4	-13988	5.5
40	10	9	22	9	4.5	0.5	-13988	0	0	0	0	0	1	0	0	0	0	-1	-13988	5
40	11	10	21	(10)a	4.5	0.25	-13988	0	0	0	0	0	0	0	0	0	-13988	4	-13988	4.75
41	11	10	21	(10)a	4.75	0.25	-13988	0	0	0	0	0	0	0	0	0	-13988	4.5	-13988	5
42	10	9	22	9	5	0.5	-13988	0	0	0	0	0	1	0	0	0	-13988	4.5	-13988	6
42	11	10	21	(10)a	5	0.25	-13988	0	0	0	0	0	0	0	0	0	-13988	4.75	-13988	5.5
42	12	10	21	(10)b	5	1	-13988	0	0	0	0	0	0	0	0	0	-13988	3	-13988	7
42	15	12	20	(12)b	5	1	-13988	0	0	0	0	0	0	0	0	0	-13988	0	-13988	7
42	19	16	18	(16)a	5	0.333333	-13988	0	0	0	0	0	0	0	0	0	-13988	3.66667	-13988	5.33333
44	19	16	18	(16)a	5.33333	0.333333	-13988	0	0	0	0	0	0	0	0	0	-13988	5	-13988	5.66667
45	11	10	21	(10)a	5.5	0.25	-13988	0	0	0	0	0	0	0	0	0	-13988	5	-13988	5.75
45	17	14	19	14	5.5	0.5	-13988	0	0	0	0	0	1	0	0	0	-13988	4	-13988	6
46	19	16	18	(16)a	5.66667	0.333333	-13988	0	0	0	0	0	0	0	0	0	-13988	5.33333	-13988	7.25
47	11	10	21	(10)a	5.75	0.25	-13988	0	0	0	0	0	0	0	0	0	-13988	5.5	-13988	6
48	17	14	19	14	6	0	-13988	0	0	0	0	0	0	0	0	0	-13988	5.5	-13988	6
49	17	14	19	14	6	0	-13988	0	0	0	0	0	0	0	0	0	-13988	6	-13988	6
50	10	9	22	9	6	2	-13988	0	0	0	0	0	0	0	0	0	-13988	5	-13988	8
50	11	10	21	(10)a	6	0.25	-13988	0	0	0	0	0	0	0	0	0	-13988	5.75	-13988	6.25
50	14	12	20	(12)a	6	1	-13988	0	0	0	0	0	0	0	0	0	-13988	1.5	-13988	8
50	17	14	19	14	6	0.5	-13988	0	0	0	0	0	1	0	0	0	-13988	6	-13988	7.5
51	11	10	21	(10)a	6.25	0.75	-13988	0	0	0	0	0	0	0	0	0	-13988	6	-13988	8
53	12	10	21	(10)b	7	1	-13988	0	0	0	0	0	0	0	0	0	-13988	5	-13988	9.25
53	15	12	20	(12)b	7	1	-13988	0	0	0	0	0	0	0	0	0	-13988	5	-13988	9.25
54	19	16	18	(16)a	7.25	0.25	-13988	0	0	0	0	0	0	0	0	0	-13988	5.66667	-13988	7.5
55	17	14	19	14	7.5	0.5	-13988	0	0	0	0	0	1	0	0	0	-13988	6	-13988	8
55	19	16	18	(16)a	7.5	0.25	-13988	0	0	0	0	0	0	0	0	0	-13988	7.25	-13988	7.75
56	19	16	18	(16)a	7.75	0.25	-13988	0	0	0	0	0	0	0	0	0	-13988	7.5	-13988	12
59	17	14	19	14	8	0	-13988	0	0	0	0	0	0	0	0	0	-13988	7.5	-13988	8
61	17	14	19	14	8	0	-13988	0	0	0	0	0	0	0	0	0	-13988	8	-13988	8
62	8	7	23	(7)b	8	4	-13988	0	0	0	0	0	0	0	0	0	-13988	4	0	0
62	11	10	21	(10)a	8	0.25	-13988	0	0	0	0	0	0	0	0	0	-13988	6.25	-13988	8.25
62	14	12	20	(12)a	8	1	-13988	0	0	0	0	0	0	0	0	0	-13988	6	-13988	10.5
62	17	14	19	14	8	0.5	-13988	0	0	0	0	0	1	0	0	0	-13988	8	-13988	8.5
63	11	10	21	(10)a	8.25	0.75	-13988	0	0	0	0	0	0	0	0	0	-13988	8	-13988	10
64	10	9	22	9	8.33333	0.333333	-13988	0	0	0	0	0	0	0	0	0	-13988	8	-13988	8.66667
65	17	14	19	14	8.5	0.5	-13988	0	0	0	0	0	1	0	0	0	-13988	8	-13988	9
66	10	9	22	9	8.66667	0.333333	-13988	0	0	0	0	0	0	0	0	0	-13988	8.33333	-13988	9.5
67	17	14	19	14	9	0.5	-13988	0	0	0	0	0	1	0	0	0	-13988	8.5	-13988	10
68	12	10	21	(10)b	9.25	0.75	-13988	0	0	0	0	0	0	0	0	0	-13988	7	-13988	11.25
68	15	12	20	(12)b	9.25	0.25	-13988	0	0	0	0	0	0	0	0	0	-13988	7	-13988	9.5
69	10	9	22	9	9.5	0.5	-13988	0	0	0	0	0	0	0	0	0	-13988	8.66667	-13988	10
69	15	12	20	(12)b	9.5	0.25	-13988	0	0	0	0	0	0	0	0	0	-13988	9.25	-13988	9.75
70	15	12	20	(12)b	9.75	0.25	-13988	0	0	0	0	0	0	0	0	0	-13988	9.5	-13988	10
71	17	14	19	14	10	0	-13988	0	0	0	0	0	0	0	0	0	-13988	9	-13988	10
72	17	14	19	14	10	0	-13988	0	0	0	0	0	0	0	0	0	-13988	10	-13988	10
73	10	9	22	9	10	0.333333	-13988	0	0	0	0	0	0	0	0	0	-13988	9.5	-13988	10.3333
73	11	10	21	(10)a	10	0.25	-13988	0	0	0	0	0	0	0	0	0	-13988	8.25	-13988	10.5
73	15	12	20	(12)b	10	1	-13988	0	0	0	0	0	0	0	0	0	-13988	9.75	-13988	11.25
73	17	14	19	14	10	0.5	-13988	0	0	0	0	0	1	0	0	0	-13988	10	-13988	10.5
75	10	9	22	9	10.3333	0.333333	-13988	0	0	0	0	0	0	0	0	0	-13988	10	-13988	10.6667
76	11	10	21	(10)a	10.5	0.25	-13988	0	0	0	0	0	0	0	0	0	-13988	10	-13988	10.75
76	14	12	20	(12)a	10.5	1.5	-13988	0	0	0	0	0	0	0	0	0	-13988	8	-13988	14.5
76	17	14	19	14	10.5	0.5	-13988	0	0	0	0	0	1	0	0	0	-13988	10	-13988	11
77	10	9	22	9	10.6667	0.333333	-13988	0	0	0	0	0	0	0	0	0	-13988	10.3333	0	0
78	11	10	21	(10)a	10.75	0.25	-13988	0	0	0	0	0	0	0	0	0	-13988	10.5	-13988	11
79	11	10	21	(10)a	11	0.5	-13988	0	0	0	0	0	0	0	0	0	-13988	10.75	0	0
79	17	14	19	14	11	0.5	-13988	0	0	0	0	0	1	0	0	0	-13988	10.5	-13988	11.5
80	12	10	21	(10)b	11.25	0.75	-13988	0	0	0	0	0	0	0	0	0	-13988	9.25	0	0
80	15	12	20	(12)b	11.25	0.25	-13988	0	0	0	0	0	0	0	0	0	-13988	10	-13988	11.5
81	15	12	20	(12)b	11.5	0.25	-13988	0	0	0	0	0	0	0	0	0	-13988	11.25	-13988	11.75
81	17	14	19	14	11.5	0.5	-13988	0	0	0	0	0	1	0	0	0	-13988	11	0	0
82	15	12	20	(12)b	11.75	0.25	-13988	0	0	0	0	0	0	0	0	0	-13988	11.5	-13988	14.5
90	8	7	23	(7)b	12	4	-13988	0	0	0	0	0	0	0	0	0	0	-1	0	0
90	15	12	20	(12)b	12	0.5	-13988	0	0	0	0	0	0	0	0	0	-13988	10.5	0	0
90	19	16	18	(16)a	12	0.25	-13988	0	0	0	0	0	0	0	0	0	-13988	7.75	-13988	12.25
91	19	16	18	(16)a	12.25	0.25	-13988	0	0	0	0	0	0	0	0	0	-13988	12	-13988	12.5
92	19	16	18	(16)a	12.5	0.25	-13988	0	0	0	0	0	0	0	0	0	-13988	12.25	-13988	12.75
92	20	16	18	(16)b	12.5	0.5	-13988	0	0	0	0	0	0	0	0	0	-13988	7.75	-13988	13
93	52	48	2	48	12.625	0.125	94	0	0	0	0	0	0	0	1	0	0	-1	95	12.75
93	54	50	1	50	12.625	0.125	88	0	0	0	0	0	0	0	1	0	96	0	89	12.75
94	19	16	18	(16)a	12.75	0.25	-13988	0	0	0	0	0	0	0	0	0	-13988	12.5	-13988	13.25
94	52	48	2	48	12.75	0.125	95	0	0	0	0	0	0	0	0	0	94	12.625	96	12.875
94	54	50	1	50	12.75	0.125	89	0	0	0	0	0	0	0	0	0	88	12.625	91	12.875
95	52	48	2	48	12.875	0.125	96	0	0	0	0	0	0	0	0	0	95	12.75	97	13
95	54	50	1	50	12.875	0.125	91	0	0	0	0	0	0	0	0	0	89	12.75	92	13
96	52	48	2	48	13	3	97	0	0	0	0	0	0	0	0	1	96	12.875	0	0
96	54	50	1	50	13	3	92	0	0	0	0	0	0	0	0	1	91	12.875	0	0
97	19	16	18	(16)a	13.25	0.25	-13988	0	0	0	0	0	0	0	0	0	-13988	12.75	-13988	13.5
98	12	10	21	(10)b	13.5	0.5	-13988	0	1	0	0	0	0	0	0	0	-13988	11	-13988	14.5
98	19	16	18	(16)a	13.5	0.25	-13988	0	0	0	0	0	0	0	0	0	-13988	13.25	-13988	13.75
99	19	16	18	(16)a	13.75	0.25	-13988	0	0	0	0	0	0	0	0	0	-13988	13.5	0	0
100	24	20	16	20	14	0.666667	72	1	1	0	0	0	0	0	0	0	0	-1	72	14.6667
100	24	20	16	20	14	0.666667	79	1	0	0	0	0	0	0	0	0	0	-1	72	14.6667
100	34	30	11	30	14	0.666667	72	0	1	0	0	0	0	0	0	0	0	-1	72	14.6667
100	36	32	10	32	14	0.666667	79	0	1	0	0	0	0	0	0	0	0	-1	79	14.6667
101	12	10	21	(10)b	14.5	0.5	-13988	0	1	0	0	0	0	0	0	0	-13988	13.5	-13988	15.5
101	14	12	20	(12)a	14.5	0.5	-13988	0	0	0	0	0	0	0	0	0	-13988	10.5	0	0
102	24	20	16	20	14.6667	0.666667	72	1	1	0	0	0	0	0	0	0	72	14	71	15.3333
102	24	20	16	20	14.6667	0.666667	79	1	0	0	0	0	0	0	0	0	72	14	71	15.3333
102	34	30	11	30	14.6667	0.666667	72	0	1	0	0	0	0	0	0	0	72	14	71	15.3333
102	36	32	10	32	14.6667	0.666667	79	0	1	0	0	0	0	0	0	0	79	14	78	15.3333
104	24	20	16	20	15.3333	0.666667	71	1	1	0	0	0	0	0	0	0	72	14.6667	0	0
104	24	20	16	20	15.3333	0.666667	78	1	0	0	0	0	0	0	0	0	72	14.6667	0	0
104	34	30	11	30	15.3333	0.666667	71	0	1	0	0	0	0	0	0	0	72	14.6667	0	0
104	36	32	10	32	15.3333	0.666667	78	0	1	0	0	0	0	0	0	0	79	14.6667	0	0
105	12	10	21	(10)b	15.5	0.5	-13988	0	1	0	0	0	0	0	0	0	-13988	14.5	0	0
*-	*-	*-	*-	*-	*-	*-	*-	*-	*-	*-	*-	*-	*-	*-	*-	*-	*-	*-	*-	*-
