**line	**field	**track	**staff	**subtrack	**start	**dur	**pitch	**chord	**accent	**marcato	**sforzando	**tenuto	**staccato	**trill	**slur_start	**slur_end	**ppitch	**pstart	**npitch	**nstart
18	3	3	20	3	0	0.5	64	1	1	0	0	0	1	0	0	0	0	-1	65	11.5
18	3	3	20	3	0	0.5	69	1	0	0	0	0	0	0	0	0	0	-1	65	11.5
18	5	5	19	5	0	0.5	72	0	1	0	0	0	1	0	0	0	0	-1	77	10.25
18	7	7	18	7	0	0.5	71	0	1	0	0	0	1	0	0	0	0	-1	81	1.25
18	9	9	17	9	0	0.5	71	0	1	0	0	0	1	0	0	0	0	-1	81	1.25
18	18	18	11	18	0	0.5	-13988	0	0	0	0	0	0	0	0	0	0	-1	0	0
18	27	27	6	27	0	0.5	64	0	1	0	0	0	1	0	0	0	0	-1	70	0.5
18	33	33	3	33	0	0.5	65	0	1	0	0	0	0	0	0	0	0	-1	0	0
18	34	34	2	34	0	0.5	72	0	1	0	0	0	0	0	0	0	0	-1	0	0
18	35	35	1	35	0	6	77	0	1	0	0	0	0	0	1	0	0	-1	76	6
19	19	19	10	19	0.5	0	-13988	0	0	0	0	0	0	0	0	0	0	-1	-13988	0.5
19	31	31	4	31	0.5	0	69	0	0	0	0	0	0	0	1	0	0	-1	71	0.5
20	19	19	10	19	0.5	0	-13988	0	0	0	0	0	0	0	0	0	-13988	0.5	-13988	0.5
20	31	31	4	31	0.5	0	71	0	0	0	0	0	0	0	0	0	69	0.5	72	0.5
21	19	19	10	19	0.5	0	-13988	0	0	0	0	0	0	0	0	0	-13988	0.5	-13988	0.5
21	31	31	4	31	0.5	0	72	0	0	0	0	0	0	0	0	0	71	0.5	70	0.5
22	16	16	12	16	0.5	1.5	70	0	0	0	0	0	0	0	0	0	0	-1	70	2
22	19	19	10	19	0.5	0.5	-13988	0	0	0	0	0	0	0	0	0	-13988	0.5	-13988	2
22	27	27	6	27	0.5	0.5	70	0	1	0	0	0	1	0	0	0	64	0	70	2
22	31	31	4	31	0.5	1.5	70	0	1	0	0	0	0	0	0	1	72	0.5	70	2
23	11	11	16	11	1	4.5	77	0	0	0	0	0	0	0	0	0	0	-1	58	5.5
24	7	7	18	7	1.25	0.25	81	0	0	0	0	0	0	0	1	0	71	0	83	1.5
24	9	9	17	9	1.25	0.25	81	0	0	0	0	0	0	0	1	0	71	0	83	1.5
26	7	7	18	7	1.5	0.25	83	0	0	0	0	0	0	0	0	0	81	1.25	84	1.75
26	9	9	17	9	1.5	0.25	83	0	0	0	0	0	0	0	0	0	81	1.25	84	1.75
27	7	7	18	7	1.75	0.25	84	0	0	0	0	0	0	0	0	0	83	1.5	85	2
27	9	9	17	9	1.75	0.25	84	0	0	0	0	0	0	0	0	0	83	1.5	85	2
28	7	7	18	7	2	0.25	85	0	1	0	0	0	1	0	0	1	84	1.75	80	2.25
28	9	9	17	9	2	0.25	85	0	1	0	0	0	1	0	0	1	84	1.75	80	2.25
28	13	13	14	13	2	0.5	85	0	1	0	0	0	1	0	0	0	0	-1	86	3.25
28	16	16	12	16	2	1	70	0	0	0	0	0	0	0	0	0	70	0.5	70	3.5
28	19	19	10	19	2	0.5	-13988	0	0	0	0	0	0	0	0	0	-13988	0.5	-13988	3.5
28	27	27	6	27	2	0.5	70	0	1	0	0	0	0	0	0	0	70	0.5	70	3.5
28	31	31	4	31	2	1.5	70	0	1	0	0	0	0	0	0	0	70	0.5	70	3.5
29	7	7	18	7	2.25	0.25	80	0	0	0	0	0	0	0	1	0	85	2	81	2.5
29	9	9	17	9	2.25	0.25	80	0	0	0	0	0	0	0	1	0	85	2	81	2.5
30	7	7	18	7	2.5	0.25	81	0	0	0	0	0	0	0	0	0	80	2.25	83	2.75
30	9	9	17	9	2.5	0.25	81	0	0	0	0	0	0	0	0	0	80	2.25	83	2.75
31	7	7	18	7	2.75	0.25	83	0	0	0	0	0	0	0	0	0	81	2.5	85	3
31	9	9	17	9	2.75	0.25	83	0	0	0	0	0	0	0	0	0	81	2.5	85	3
33	7	7	18	7	3	0.25	85	0	0	0	0	0	0	0	0	0	83	2.75	86	3.25
33	9	9	17	9	3	0.25	85	0	0	0	0	0	0	0	0	0	83	2.75	86	3.25
34	7	7	18	7	3.25	0.25	86	0	1	0	0	0	1	0	0	1	85	3	79	3.5
34	9	9	17	9	3.25	0.25	86	0	1	0	0	0	1	0	0	1	85	3	79	3.5
34	13	13	14	13	3.25	0.5	86	0	1	0	0	0	1	0	0	0	85	2	87	4.5
35	7	7	18	7	3.5	0.25	79	0	0	0	0	0	0	0	1	0	86	3.25	81	3.75
35	9	9	17	9	3.5	0.25	79	0	0	0	0	0	0	0	1	0	86	3.25	81	3.75
35	16	16	12	16	3.5	0.5	70	0	0	0	0	0	0	0	0	0	70	2	70	4
35	19	19	10	19	3.5	0.5	-13988	0	0	0	0	0	0	0	0	0	-13988	2	-13988	4
35	27	27	6	27	3.5	0.5	70	0	1	0	0	0	0	0	0	0	70	2	70	4
35	31	31	4	31	3.5	0.5	70	0	1	0	0	0	0	0	0	0	70	2	70	4
36	7	7	18	7	3.75	0.25	81	0	0	0	0	0	0	0	0	0	79	3.5	83	4
36	9	9	17	9	3.75	0.25	81	0	0	0	0	0	0	0	0	0	79	3.5	83	4
37	7	7	18	7	4	0.25	83	0	0	0	0	0	0	0	0	0	81	3.75	85	4.25
37	9	9	17	9	4	0.25	83	0	0	0	0	0	0	0	0	0	81	3.75	85	4.25
37	16	16	12	16	4	1.5	70	0	0	0	0	0	0	0	0	0	70	3.5	0	0
37	19	19	10	19	4	0.5	-13988	0	0	0	0	0	0	0	0	0	-13988	3.5	-13988	5.5
37	27	27	6	27	4	0.5	70	0	1	0	0	0	0	0	0	0	70	3.5	58	5.5
37	31	31	4	31	4	1.5	70	0	1	0	0	0	0	0	0	0	70	3.5	57	5.5
38	7	7	18	7	4.25	0.25	85	0	0	0	0	0	0	0	0	0	83	4	88	4.5
38	9	9	17	9	4.25	0.25	85	0	0	0	0	0	0	0	0	0	83	4	88	4.5
39	7	7	18	7	4.5	0.25	88	0	1	0	0	0	1	0	0	1	85	4.25	78	4.75
39	9	9	17	9	4.5	0.25	88	0	1	0	0	0	1	0	0	1	85	4.25	78	4.75
39	13	13	14	13	4.5	0.5	87	0	1	0	0	0	1	0	0	0	86	3.25	87	5.75
40	7	7	18	7	4.75	0.25	78	0	0	0	0	0	0	0	1	0	88	4.5	81	5
40	9	9	17	9	4.75	0.25	78	0	0	0	0	0	0	0	1	0	88	4.5	81	5
41	7	7	18	7	5	0.25	81	0	0	0	0	0	0	0	0	0	78	4.75	83	5.25
41	9	9	17	9	5	0.25	81	0	0	0	0	0	0	0	0	0	78	4.75	83	5.25
42	7	7	18	7	5.25	0.25	83	0	0	0	0	0	0	0	0	0	81	5	84	5.5
42	9	9	17	9	5.25	0.25	83	0	0	0	0	0	0	0	0	0	81	5	84	5.5
43	29	29	5	29	5.5	0	57	0	0	0	0	0	0	0	1	0	0	-1	59	5.5
43	31	31	4	31	5.5	0	57	0	0	0	0	0	0	0	1	0	70	4	59	5.5
44	29	29	5	29	5.5	0	59	0	0	0	0	0	0	0	0	0	57	5.5	60	5.5
44	31	31	4	31	5.5	0	59	0	0	0	0	0	0	0	0	0	57	5.5	60	5.5
45	29	29	5	29	5.5	0	60	0	0	0	0	0	0	0	0	0	59	5.5	58	5.5
45	31	31	4	31	5.5	0	60	0	0	0	0	0	0	0	0	0	59	5.5	58	5.5
46	7	7	18	7	5.5	0.25	84	0	0	0	0	0	0	0	0	0	83	5.25	88	5.75
46	9	9	17	9	5.5	0.25	84	0	0	0	0	0	0	0	0	0	83	5.25	88	5.75
46	11	11	16	11	5.5	0.5	58	0	0	0	0	0	0	0	0	0	77	1	0	0
46	15	15	13	15	5.5	0.5	58	0	0	0	0	0	0	0	0	0	0	-1	58	7
46	19	19	10	19	5.5	0.5	-13988	0	0	0	0	0	0	0	0	0	-13988	4	-13988	7
46	27	27	6	27	5.5	0.5	58	0	1	0	0	0	0	0	0	0	70	4	58	7
46	29	29	5	29	5.5	1.5	58	0	1	0	0	0	0	0	0	1	60	5.5	58	7
46	31	31	4	31	5.5	1.5	58	0	1	0	0	0	0	0	0	1	60	5.5	58	7
47	7	7	18	7	5.75	0.25	88	0	1	0	0	0	1	0	0	1	84	5.5	77	6
47	9	9	17	9	5.75	0.25	88	0	1	0	0	0	1	0	0	1	84	5.5	77	6
47	13	13	14	13	5.75	0.5	87	0	1	0	0	0	1	0	0	0	87	4.5	89	7
49	7	7	18	7	6	0.25	77	0	0	0	0	0	0	0	1	0	88	5.75	81	6.25
49	9	9	17	9	6	0.25	77	0	0	0	0	0	0	0	1	0	88	5.75	81	6.25
49	35	35	1	35	6	0.5	76	0	0	0	0	0	0	0	0	1	77	0	0	0
50	7	7	18	7	6.25	0.25	81	0	0	0	0	0	0	0	0	0	77	6	83	6.5
50	9	9	17	9	6.25	0.25	81	0	0	0	0	0	0	0	0	0	77	6	83	6.5
51	7	7	18	7	6.5	0.25	83	0	0	0	0	0	0	0	0	0	81	6.25	84	6.75
51	9	9	17	9	6.5	0.25	83	0	0	0	0	0	0	0	0	0	81	6.25	84	6.75
52	7	7	18	7	6.75	0.25	84	0	0	0	0	0	0	0	0	0	83	6.5	89	7
52	9	9	17	9	6.75	0.25	84	0	0	0	0	0	0	0	0	0	83	6.5	89	7
53	7	7	18	7	7	0.5	89	0	1	0	0	0	1	0	0	1	84	6.75	89	7.5
53	9	9	17	9	7	0.5	89	0	1	0	0	0	1	0	0	1	84	6.75	89	7.5
53	13	13	14	13	7	0.5	89	0	1	0	0	0	1	0	0	0	87	5.75	89	7.5
53	15	15	13	15	7	1.5	58	0	0	0	0	0	0	0	0	0	58	5.5	58	8.5
53	19	19	10	19	7	0.5	-13988	0	0	0	0	0	0	0	0	0	-13988	5.5	-13988	8.5
53	27	27	6	27	7	0.5	58	0	1	0	0	0	0	0	0	0	58	5.5	58	8.5
53	29	29	5	29	7	1.5	58	0	1	0	0	0	0	0	0	0	58	5.5	58	8.5
53	31	31	4	31	7	1.5	58	0	1	0	0	0	0	0	0	0	58	5.5	58	8.5
54	7	7	18	7	7.5	0.25	89	0	0	0	0	0	1	0	0	0	89	7	89	7.75
54	9	9	17	9	7.5	0.25	89	0	0	0	0	0	1	0	0	0	89	7	89	7.75
54	13	13	14	13	7.5	0.25	89	0	0	0	0	0	1	0	0	0	89	7	89	7.75
55	7	7	18	7	7.75	0.25	89	0	0	0	0	0	1	0	0	0	89	7.5	89	8
55	9	9	17	9	7.75	0.25	89	0	0	0	0	0	1	0	0	0	89	7.5	89	8
55	13	13	14	13	7.75	0.25	89	0	0	0	0	0	1	0	0	0	89	7.5	89	8
56	7	7	18	7	8	0.25	89	0	0	0	0	0	1	0	0	0	89	7.75	89	8.25
56	9	9	17	9	8	0.25	89	0	0	0	0	0	1	0	0	0	89	7.75	89	8.25
56	13	13	14	13	8	0.25	89	0	0	0	0	0	1	0	0	0	89	7.75	89	8.25
57	7	7	18	7	8.25	0.25	89	0	0	0	0	0	1	0	0	0	89	8	89	8.5
57	9	9	17	9	8.25	0.25	89	0	0	0	0	0	1	0	0	0	89	8	89	8.5
57	13	13	14	13	8.25	0.25	89	0	0	0	0	0	1	0	0	0	89	8	89	8.5
58	7	7	18	7	8.5	0.25	89	0	0	0	0	0	1	0	0	0	89	8.25	89	8.75
58	9	9	17	9	8.5	0.25	89	0	0	0	0	0	1	0	0	0	89	8.25	89	8.75
58	13	13	14	13	8.5	0.25	89	0	0	0	0	0	1	0	0	0	89	8.25	89	8.75
58	15	15	13	15	8.5	0.5	58	0	0	0	0	0	0	0	0	0	58	7	58	9
58	19	19	10	19	8.5	0.5	-13988	0	0	0	0	0	0	0	0	0	-13988	7	-13988	9
58	27	27	6	27	8.5	0.5	58	0	1	0	0	0	1	0	0	0	58	7	58	9
58	29	29	5	29	8.5	0.5	58	0	1	0	0	0	1	0	0	0	58	7	58	9
58	31	31	4	31	8.5	0.5	58	0	1	0	0	0	1	0	0	0	58	7	58	9
59	7	7	18	7	8.75	0.25	89	0	0	0	0	0	1	0	0	0	89	8.5	89	9
59	9	9	17	9	8.75	0.25	89	0	0	0	0	0	1	0	0	0	89	8.5	89	9
59	13	13	14	13	8.75	0.25	89	0	0	0	0	0	1	0	0	0	89	8.5	89	9
61	7	7	18	7	9	0.25	89	0	0	0	0	0	0	0	1	0	89	8.75	84	9.25
61	9	9	17	9	9	0.25	89	0	0	0	0	0	0	0	1	0	89	8.75	84	9.25
61	13	13	14	13	9	0.25	89	0	0	0	0	0	0	0	1	0	89	8.75	84	9.25
61	15	15	13	15	9	1.5	58	0	0	0	0	0	0	0	0	0	58	8.5	46	10.5
61	19	19	10	19	9	0.5	-13988	0	0	0	0	0	0	0	0	0	-13988	8.5	0	0
61	27	27	6	27	9	0.5	58	0	1	0	0	0	1	0	0	0	58	8.5	0	0
61	29	29	5	29	9	1.5	58	0	1	0	0	0	1	0	0	0	58	8.5	45	10.5
61	31	31	4	31	9	1.5	58	0	1	0	0	0	1	0	0	0	58	8.5	0	0
62	7	7	18	7	9.25	0.25	84	0	0	0	0	0	0	0	0	1	89	9	83	9.5
62	9	9	17	9	9.25	0.25	84	0	0	0	0	0	0	0	0	1	89	9	83	9.5
62	13	13	14	13	9.25	0.25	84	0	0	0	0	0	0	0	0	0	89	9	83	9.5
63	7	7	18	7	9.5	0.25	83	0	0	0	0	0	1	0	0	0	84	9.25	81	9.75
63	9	9	17	9	9.5	0.25	83	0	0	0	0	0	1	0	0	0	84	9.25	81	9.75
63	13	13	14	13	9.5	0.25	83	0	0	0	0	0	1	0	0	1	84	9.25	81	9.75
64	7	7	18	7	9.75	0.25	81	0	0	0	0	0	1	0	0	0	83	9.5	76	10
64	9	9	17	9	9.75	0.25	81	0	0	0	0	0	1	0	0	0	83	9.5	76	10
64	13	13	14	13	9.75	0.25	81	0	0	0	0	0	1	0	0	0	83	9.5	76	10
65	7	7	18	7	10	0.25	76	0	0	0	0	1	0	0	0	0	81	9.75	77	10.25
65	9	9	17	9	10	0.25	76	0	0	0	0	1	0	0	0	0	81	9.75	77	10.25
65	13	13	14	13	10	0.25	76	0	0	0	0	1	0	0	0	0	81	9.75	77	10.25
66	5	5	19	5	10.25	0.25	77	0	0	0	0	0	0	0	1	0	72	0	72	10.5
66	7	7	18	7	10.25	0.25	77	0	0	0	0	0	0	0	1	0	76	10	72	10.5
66	9	9	17	9	10.25	0.25	77	0	0	0	0	0	0	0	1	0	76	10	72	10.5
66	13	13	14	13	10.25	0.25	77	0	0	0	0	0	0	0	1	0	76	10	72	10.5
67	21	21	9	21	10.5	0	47	0	0	0	0	0	0	0	0	0	0	-1	47	10.5
67	25	25	7	25	10.5	0	45	0	1	0	0	0	0	0	0	0	0	-1	47	10.5
67	29	29	5	29	10.5	0	45	0	0	0	0	0	0	0	1	0	58	9	47	10.5
68	21	21	9	21	10.5	0	47	0	0	0	0	0	0	0	0	0	47	10.5	47	10.5
68	25	25	7	25	10.5	0	47	0	1	0	0	0	0	0	0	0	45	10.5	48	10.5
68	29	29	5	29	10.5	0	47	0	0	0	0	0	0	0	0	0	45	10.5	48	10.5
69	21	21	9	21	10.5	0	47	0	0	0	0	0	0	0	0	0	47	10.5	47	10.5
69	25	25	7	25	10.5	0	48	0	1	0	0	0	0	0	0	0	47	10.5	46	10.5
69	29	29	5	29	10.5	0	48	0	0	0	0	0	0	0	0	0	47	10.5	46	10.5
70	5	5	19	5	10.5	0.25	72	0	0	0	0	0	0	0	0	1	77	10.25	71	10.75
70	7	7	18	7	10.5	0.25	72	0	0	0	0	0	0	0	0	1	77	10.25	71	10.75
70	9	9	17	9	10.5	0.25	72	0	0	0	0	0	0	0	0	1	77	10.25	71	10.75
70	13	13	14	13	10.5	0.25	72	0	0	0	0	0	0	0	0	0	77	10.25	71	10.75
70	15	15	13	15	10.5	1.5	46	0	0	0	0	0	0	0	0	0	58	9	46	12
70	21	21	9	21	10.5	0.5	47	0	0	0	0	0	0	0	0	0	47	10.5	46	12
70	23	23	8	23	10.5	0.5	46	0	1	0	0	0	0	0	0	0	0	-1	46	12
70	25	25	7	25	10.5	1.5	46	0	1	0	0	0	0	0	0	0	48	10.5	46	12
70	29	29	5	29	10.5	1.5	46	0	1	0	0	0	1	0	0	1	48	10.5	46	12
71	5	5	19	5	10.75	0.25	71	0	0	0	0	0	1	0	0	0	72	10.5	69	11
71	7	7	18	7	10.75	0.25	71	0	0	0	0	0	1	0	0	0	72	10.5	69	11
71	9	9	17	9	10.75	0.25	71	0	0	0	0	0	1	0	0	0	72	10.5	69	11
71	13	13	14	13	10.75	0.25	71	0	0	0	0	0	1	0	0	1	72	10.5	69	11
72	5	5	19	5	11	0.25	69	0	0	0	0	0	1	0	0	0	71	10.75	64	11.25
72	7	7	18	7	11	0.25	69	0	0	0	0	0	1	0	0	0	71	10.75	64	11.25
72	9	9	17	9	11	0.25	69	0	0	0	0	0	1	0	0	0	71	10.75	64	11.25
72	13	13	14	13	11	0.25	69	0	0	0	0	0	1	0	0	0	71	10.75	64	11.25
73	5	5	19	5	11.25	0.25	64	0	0	0	0	1	0	0	0	0	69	11	65	11.5
73	7	7	18	7	11.25	0.25	64	0	0	0	0	1	0	0	0	0	69	11	0	0
73	9	9	17	9	11.25	0.25	64	0	0	0	0	1	0	0	0	0	69	11	65	11.5
73	13	13	14	13	11.25	0.25	64	0	0	0	0	1	0	0	0	0	69	11	65	11.5
74	3	3	20	3	11.5	0.25	65	0	0	0	0	0	0	0	1	0	64	0	60	11.75
74	5	5	19	5	11.5	0.25	65	0	0	0	0	0	0	0	1	0	64	11.25	60	11.75
74	9	9	17	9	11.5	0.25	65	0	0	0	0	0	0	0	1	0	64	11.25	60	11.75
74	13	13	14	13	11.5	0.25	65	0	0	0	0	0	0	0	1	0	64	11.25	60	11.75
75	3	3	20	3	11.75	0.25	60	0	0	0	0	0	0	0	0	1	65	11.5	59	12
75	5	5	19	5	11.75	0.25	60	0	0	0	0	0	0	0	0	1	65	11.5	59	12
75	9	9	17	9	11.75	0.25	60	0	0	0	0	0	0	0	0	1	65	11.5	59	12
75	13	13	14	13	11.75	0.25	60	0	0	0	0	0	0	0	0	0	65	11.5	59	12
77	3	3	20	3	12	0.25	59	0	0	0	0	0	1	0	0	0	60	11.75	57	12.25
77	5	5	19	5	12	0.25	59	0	0	0	0	0	1	0	0	0	60	11.75	57	12.25
77	9	9	17	9	12	0.25	59	0	0	0	0	0	1	0	0	0	60	11.75	57	12.25
77	13	13	14	13	12	0.25	59	0	0	0	0	0	1	0	0	1	60	11.75	0	0
77	15	15	13	15	12	1.5	46	0	0	0	0	0	0	0	0	0	46	10.5	46	13.5
77	21	21	9	21	12	0.5	46	0	0	0	0	0	0	0	0	0	47	10.5	46	13.5
77	23	23	8	23	12	0.5	46	0	1	0	0	0	0	0	0	0	46	10.5	46	13.5
77	25	25	7	25	12	1.5	46	0	1	0	0	0	1	0	0	0	46	10.5	46	13.5
77	29	29	5	29	12	1.5	46	0	1	0	0	0	1	0	0	0	46	10.5	46	13.5
78	3	3	20	3	12.25	0.25	57	0	0	0	0	0	1	0	0	0	59	12	52	12.5
78	5	5	19	5	12.25	0.25	57	0	0	0	0	0	1	0	0	0	59	12	52	12.5
78	9	9	17	9	12.25	0.25	57	0	0	0	0	0	1	0	0	0	59	12	0	0
78	12	12	15	12	12.25	0.25	57	0	0	0	0	0	0	0	0	0	0	-1	52	12.5
79	3	3	20	3	12.5	0.25	52	0	0	0	0	1	0	0	0	0	57	12.25	53	12.75
79	5	5	19	5	12.5	0.25	52	0	0	0	0	1	0	0	0	0	57	12.25	53	12.75
79	12	12	15	12	12.5	0.25	52	0	0	0	0	1	0	0	0	0	57	12.25	53	12.75
80	1	1	21	1	12.75	0.25	53	0	0	0	0	0	0	0	1	0	0	-1	48	13
80	3	3	20	3	12.75	0.25	53	0	0	0	0	0	0	0	1	0	52	12.5	48	13
80	5	5	19	5	12.75	0.25	53	0	0	0	0	0	0	0	1	0	52	12.5	48	13
80	12	12	15	12	12.75	0.25	53	0	0	0	0	0	0	0	1	0	52	12.5	48	13
81	1	1	21	1	13	0.25	48	0	0	0	0	0	0	0	0	1	53	12.75	47	13.25
81	3	3	20	3	13	0.25	48	0	0	0	0	0	0	0	0	1	53	12.75	47	13.25
81	5	5	19	5	13	0.25	48	0	0	0	0	0	1	0	0	1	53	12.75	0	0
81	12	12	15	12	13	0.25	48	0	0	0	0	0	0	0	0	0	53	12.75	47	13.25
82	1	1	21	1	13.25	0.25	47	0	0	0	0	0	1	0	0	0	48	13	45	13.5
82	3	3	20	3	13.25	0.25	47	0	0	0	0	0	1	0	0	0	48	13	45	13.5
82	12	12	15	12	13.25	0.25	47	0	0	0	0	0	1	0	0	1	48	13	45	13.5
83	1	1	21	1	13.5	0.25	45	0	0	0	0	0	1	0	0	0	47	13.25	40	13.75
83	3	3	20	3	13.5	0.25	45	0	0	0	0	0	1	0	0	0	47	13.25	40	13.75
83	12	12	15	12	13.5	0.25	45	0	0	0	0	0	1	0	0	0	47	13.25	40	13.75
83	15	15	13	15	13.5	0.5	46	0	0	0	0	0	0	0	0	0	46	12	46	14
83	21	21	9	21	13.5	0.5	46	0	0	0	0	0	0	0	0	0	46	12	46	14
83	23	23	8	23	13.5	0.5	46	0	1	0	0	0	0	0	0	0	46	12	46	14
83	25	25	7	25	13.5	0.5	46	0	1	0	0	0	1	0	0	0	46	12	46	14
83	29	29	5	29	13.5	0.5	46	0	1	0	0	0	1	0	0	0	46	12	46	14
84	1	1	21	1	13.75	0.25	40	0	0	0	0	1	0	0	0	0	45	13.5	41	14
84	3	3	20	3	13.75	0.25	40	0	0	0	0	1	0	0	0	0	45	13.5	41	14
84	12	12	15	12	13.75	0.25	40	0	0	0	0	1	0	0	0	0	45	13.5	41	14
85	1	1	21	1	14	0.25	41	0	0	0	0	0	0	0	1	0	40	13.75	37	14.25
85	3	3	20	3	14	0.25	41	0	0	0	0	0	0	0	1	0	40	13.75	37	14.25
85	12	12	15	12	14	0.25	41	0	0	0	0	0	0	0	1	0	40	13.75	37	14.25
85	15	15	13	15	14	1	46	0	0	0	0	0	0	0	0	0	46	13.5	0	0
85	21	21	9	21	14	0.5	46	0	0	0	0	0	0	0	0	0	46	13.5	0	0
85	23	23	8	23	14	0.5	46	0	1	0	0	0	0	0	0	0	46	13.5	0	0
85	25	25	7	25	14	1	46	0	1	0	0	0	0	0	0	0	46	13.5	0	0
85	29	29	5	29	14	1	46	0	1	0	0	0	1	0	0	0	46	13.5	0	0
86	1	1	21	1	14.25	0.25	37	0	0	0	0	0	0	0	0	1	41	14	35	14.5
86	3	3	20	3	14.25	0.25	37	0	0	0	0	0	1	0	0	1	41	14	0	0
86	12	12	15	12	14.25	0.25	37	0	0	0	0	0	0	0	0	0	41	14	35	14.5
87	1	1	21	1	14.5	0.25	35	0	0	0	0	0	1	0	0	0	37	14.25	33	14.75
87	12	12	15	12	14.5	0.25	35	0	0	0	0	0	1	0	0	1	37	14.25	33	14.75
88	1	1	21	1	14.75	0.25	33	0	0	0	0	0	1	0	0	0	35	14.5	0	0
88	12	12	15	12	14.75	0.25	33	0	0	0	0	0	1	0	0	0	35	14.5	0	0
*-	*-	*-	*-	*-	*-	*-	*-	*-	*-	*-	*-	*-	*-	*-	*-	*-	*-	*-	*-	*-
