**line	**field	**track	**staff	**subtrack	**start	**dur	**pitch	**chord	**accent	**marcato	**sforzando	**tenuto	**staccato	**trill	**slur_start	**slur_end	**ppitch	**pstart	**npitch	**nstart
19	1	1	12	1	0	1	36	0	0	0	0	0	1	0	0	0	0	-1	36	1
19	3	3	11	3	0	1	36	1	0	0	0	0	1	0	0	0	0	-1	36	1
19	3	3	11	3	0	1	43	1	0	0	0	0	0	0	0	0	0	-1	36	1
19	5	5	10	5	0	0.5	58	0	1	0	0	0	0	0	1	0	0	-1	57	0.5
19	7	7	9	7	0	1.5	60	1	1	0	0	0	0	0	0	0	0	-1	60	1.5
19	7	7	9	7	0	1.5	64	1	0	0	0	0	0	0	0	0	0	-1	60	1.5
19	9	9	8	9	0	1	60	1	0	0	0	0	1	0	0	0	0	-1	60	1
19	9	9	8	9	0	1	67	1	0	0	0	0	0	0	0	0	0	-1	60	1
19	11	11	7	11	0	0.5	82	1	0	0	0	0	0	0	1	0	0	-1	81	0.5
19	11	11	7	11	0	0.5	84	1	0	0	0	0	0	0	1	0	0	-1	81	0.5
19	11	11	7	11	0	0.5	88	1	0	0	0	0	0	0	1	0	0	-1	81	0.5
19	13	13	6	(13)a	0	0.5	-13988	0	1	0	0	0	0	0	1	0	0	-1	-13988	0.5
19	14	13	6	(13)b	0	1	-13988	0	0	0	0	0	0	0	0	0	0	-1	-13988	1
19	18	17	4	17	0	0.5	60	1	0	0	0	0	0	0	1	0	0	-1	64	0.5
19	18	17	4	17	0	0.5	72	1	0	0	0	0	0	0	1	0	0	-1	64	0.5
19	20	19	3	19	0	1.5	60	1	1	0	0	0	0	0	0	0	0	-1	60	1.5
19	20	19	3	19	0	1.5	64	1	0	0	0	0	0	0	0	0	0	-1	60	1.5
19	22	21	2	21	0	0.5	58	0	1	0	0	0	0	0	1	0	0	-1	57	0.5
20	5	5	10	5	0.5	0.5	57	0	0	0	0	0	0	0	0	0	58	0	55	1
20	11	11	7	11	0.5	0.5	81	0	0	0	0	0	0	0	0	0	82	0	79	1
20	13	13	6	(13)a	0.5	0.5	-13988	0	0	0	0	0	1	0	0	0	-13988	0	-13988	1
20	18	17	4	17	0.5	0.5	64	1	0	0	0	0	0	0	0	1	60	0	67	1
20	18	17	4	17	0.5	0.5	76	1	0	0	0	0	0	0	0	1	60	0	67	1
20	22	21	2	21	0.5	0.5	57	0	0	0	0	0	0	0	0	0	58	0	55	1
21	1	1	12	1	1	1	36	0	0	0	0	0	1	0	0	0	36	0	36	2
21	3	3	11	3	1	1	36	1	0	0	0	0	1	0	0	0	36	0	36	2
21	3	3	11	3	1	1	43	1	0	0	0	0	0	0	0	0	36	0	36	2
21	5	5	10	5	1	0.5	55	0	0	0	0	0	0	0	0	1	57	0.5	58	1.5
21	9	9	8	9	1	1	60	1	0	0	0	0	1	0	0	0	60	0	60	2
21	9	9	8	9	1	1	67	1	0	0	0	0	0	0	0	0	60	0	60	2
21	11	11	7	11	1	0.5	79	0	0	0	0	0	0	0	0	1	81	0.5	70	1.5
21	13	13	6	(13)a	1	0.5	-13988	0	0	0	0	0	1	0	0	1	-13988	0.5	-13988	1.5
21	14	13	6	(13)b	1	1	-13988	0	0	0	0	0	0	0	0	0	-13988	0	-13988	2
21	18	17	4	17	1	1	67	1	1	0	0	0	0	0	0	0	64	0.5	67	2
21	18	17	4	17	1	1	79	1	0	0	0	0	0	0	0	0	64	0.5	67	2
21	22	21	2	21	1	0.5	55	0	0	0	0	0	0	0	0	1	57	0.5	58	1.5
22	5	5	10	5	1.5	0.5	58	0	1	0	0	0	0	0	1	0	55	1	57	2
22	7	7	9	7	1.5	1.5	60	1	1	0	0	0	0	0	0	0	60	0	60	3
22	7	7	9	7	1.5	1.5	64	1	0	0	0	0	0	0	0	0	60	0	60	3
22	11	11	7	11	1.5	0.5	70	1	0	0	0	0	0	0	1	0	79	1	69	2
22	11	11	7	11	1.5	0.5	72	1	0	0	0	0	0	0	1	0	79	1	69	2
22	11	11	7	11	1.5	0.5	76	1	0	0	0	0	0	0	1	0	79	1	69	2
22	13	13	6	(13)a	1.5	0.5	-13988	0	1	0	0	0	0	0	1	0	-13988	1	-13988	2
22	20	19	3	19	1.5	1.5	60	1	1	0	0	0	0	0	0	0	60	0	60	3
22	20	19	3	19	1.5	1.5	64	1	0	0	0	0	0	0	0	0	60	0	60	3
22	22	21	2	21	1.5	0.5	58	0	1	0	0	0	0	0	1	0	55	1	57	2
23	1	1	12	1	2	1	36	0	0	0	0	0	1	0	0	0	36	1	36	3
23	3	3	11	3	2	1	36	1	0	0	0	0	1	0	0	0	36	1	36	3
23	3	3	11	3	2	1	43	1	0	0	0	0	0	0	0	0	36	1	36	3
23	5	5	10	5	2	0.5	57	0	0	0	0	0	0	0	0	0	58	1.5	55	2.5
23	9	9	8	9	2	1	60	1	0	0	0	0	1	0	0	0	60	1	60	3
23	9	9	8	9	2	1	67	1	0	0	0	0	0	0	0	0	60	1	60	3
23	11	11	7	11	2	0.5	69	0	0	0	0	0	0	0	0	0	70	1.5	67	2.5
23	13	13	6	(13)a	2	0.5	-13988	0	0	0	0	0	1	0	0	0	-13988	1.5	-13988	2.5
23	14	13	6	(13)b	2	1	-13988	0	0	0	0	0	0	0	0	0	-13988	1	-13988	3
23	18	17	4	17	2	1	67	1	1	0	0	0	0	0	0	0	67	1	67	3
23	18	17	4	17	2	1	79	1	0	0	0	0	0	0	0	0	67	1	67	3
23	22	21	2	21	2	0.5	57	0	0	0	0	0	0	0	0	0	58	1.5	55	2.5
24	5	5	10	5	2.5	0.5	55	0	0	0	0	0	0	0	0	1	57	2	58	3
24	11	11	7	11	2.5	0.5	67	0	0	0	0	0	0	0	0	1	69	2	58	3
24	13	13	6	(13)a	2.5	0.5	-13988	0	0	0	0	0	1	0	0	1	-13988	2	-13988	3
24	22	21	2	21	2.5	0.5	55	0	0	0	0	0	0	0	0	1	57	2	58	3
25	1	1	12	1	3	1	36	0	0	0	0	0	1	0	0	0	36	2	43	4
25	3	3	11	3	3	1	36	1	0	0	0	0	1	0	0	0	36	2	43	4
25	3	3	11	3	3	1	43	1	0	0	0	0	0	0	0	0	36	2	43	4
25	5	5	10	5	3	0.333333	58	0	1	0	0	0	0	0	1	0	55	2.5	57	3.33333
25	7	7	9	7	3	1	60	1	1	0	0	0	0	0	0	0	60	1.5	62	4
25	7	7	9	7	3	1	64	1	0	0	0	0	0	0	0	0	60	1.5	62	4
25	9	9	8	9	3	1	60	1	0	0	0	0	1	0	0	0	60	2	62	4
25	9	9	8	9	3	1	67	1	0	0	0	0	0	0	0	0	60	2	62	4
25	11	11	7	11	3	0.333333	58	1	0	0	0	0	0	0	1	0	67	2.5	57	3.33333
25	11	11	7	11	3	0.333333	60	1	0	0	0	0	0	0	1	0	67	2.5	57	3.33333
25	11	11	7	11	3	0.333333	64	1	0	0	0	0	0	0	1	0	67	2.5	57	3.33333
25	13	13	6	(13)a	3	0.333333	-13988	0	1	0	0	0	0	0	1	0	-13988	2.5	-13988	3.33333
25	14	13	6	(13)b	3	1	-13988	0	0	0	0	0	0	0	0	0	-13988	2	-13988	4
25	18	17	4	17	3	1	67	1	1	0	0	0	0	0	0	0	67	2	67	4
25	18	17	4	17	3	1	79	1	0	0	0	0	0	0	0	0	67	2	67	4
25	20	19	3	19	3	1	60	1	1	0	0	0	0	0	0	0	60	1.5	62	4
25	20	19	3	19	3	1	64	1	0	0	0	0	0	0	0	0	60	1.5	62	4
25	22	21	2	21	3	0.333333	58	0	1	0	0	0	0	0	1	0	55	2.5	57	3.33333
26	5	5	10	5	3.33333	0.333333	57	0	0	0	0	0	0	0	0	0	58	3	55	3.66667
26	11	11	7	11	3.33333	0.333333	57	0	0	0	0	0	0	0	0	0	58	3	55	3.66667
26	13	13	6	(13)a	3.33333	0.333333	-13988	0	0	0	0	0	0	0	0	0	-13988	3	-13988	3.66667
26	22	21	2	21	3.33333	0.333333	57	0	0	0	0	0	0	0	0	0	58	3	55	3.66667
27	5	5	10	5	3.66667	0.333333	55	0	0	0	0	0	0	0	0	1	57	3.33333	59	4
27	11	11	7	11	3.66667	0.333333	55	0	0	0	0	0	0	0	0	1	57	3.33333	83	4
27	13	13	6	(13)a	3.66667	0.333333	-13988	0	0	0	0	0	0	0	0	1	-13988	3.33333	-13988	4
27	22	21	2	21	3.66667	0.333333	55	0	0	0	0	0	0	0	0	1	57	3.33333	59	4
29	1	1	12	1	4	1	43	0	0	0	0	0	1	0	0	0	36	3	43	5
29	3	3	11	3	4	1	43	1	0	0	0	0	1	0	0	0	36	3	43	5
29	3	3	11	3	4	1	50	1	0	0	0	0	0	0	0	0	36	3	43	5
29	5	5	10	5	4	0.5	59	0	1	0	0	0	0	0	1	0	55	3.66667	57	4.5
29	7	7	9	7	4	1.5	62	1	1	0	0	0	0	0	0	0	60	3	62	5.5
29	7	7	9	7	4	1.5	65	1	0	0	0	0	0	0	0	0	60	3	62	5.5
29	9	9	8	9	4	1	62	1	0	0	0	0	1	0	0	0	60	3	62	5
29	9	9	8	9	4	1	67	1	0	0	0	0	0	0	0	0	60	3	62	5
29	11	11	7	11	4	0.5	83	1	0	0	0	0	0	0	1	0	55	3.66667	81	4.5
29	11	11	7	11	4	0.5	86	1	0	0	0	0	0	0	1	0	55	3.66667	81	4.5
29	11	11	7	11	4	0.5	89	1	0	0	0	0	0	0	1	0	55	3.66667	81	4.5
29	13	13	6	(13)a	4	0.5	-13988	0	1	0	0	0	0	0	1	0	-13988	3.66667	-13988	4.5
29	14	13	6	(13)b	4	1	-13988	0	0	0	0	0	0	0	0	0	-13988	3	-13988	5
29	18	17	4	17	4	1	67	1	1	0	0	0	0	0	0	0	67	3	68	5
29	18	17	4	17	4	1	79	1	0	0	0	0	0	0	0	0	67	3	68	5
29	20	19	3	19	4	1.5	62	1	1	0	0	0	0	0	0	0	60	3	62	5.5
29	20	19	3	19	4	1.5	65	1	0	0	0	0	0	0	0	0	60	3	62	5.5
29	22	21	2	21	4	0.5	59	0	1	0	0	0	0	0	1	0	55	3.66667	57	4.5
30	5	5	10	5	4.5	0.5	57	0	0	0	0	0	0	0	0	0	59	4	55	5
30	11	11	7	11	4.5	0.5	81	0	0	0	0	0	0	0	0	0	83	4	79	5
30	13	13	6	(13)a	4.5	0.5	-13988	0	0	0	0	0	1	0	0	0	-13988	4	-13988	5
30	22	21	2	21	4.5	0.5	57	0	0	0	0	0	0	0	0	0	59	4	55	5
31	18	17	4	17	5	0	68	1	0	0	0	0	0	0	1	0	67	4	69	5
31	18	17	4	17	5	0	80	1	0	0	0	0	0	0	1	0	67	4	69	5
32	1	1	12	1	5	1	43	0	0	0	0	0	1	0	0	0	43	4	43	6
32	3	3	11	3	5	1	43	1	0	0	0	0	1	0	0	0	43	4	43	6
32	3	3	11	3	5	1	50	1	0	0	0	0	0	0	0	0	43	4	43	6
32	5	5	10	5	5	0.5	55	0	0	0	0	0	0	0	0	1	57	4.5	59	5.5
32	9	9	8	9	5	1	62	1	0	0	0	0	1	0	0	0	62	4	62	6
32	9	9	8	9	5	1	67	1	0	0	0	0	0	0	0	0	62	4	62	6
32	11	11	7	11	5	0.5	79	0	0	0	0	0	0	0	0	1	81	4.5	71	5.5
32	13	13	6	(13)a	5	0.5	-13988	0	0	0	0	0	1	0	0	1	-13988	4.5	-13988	5.5
32	14	13	6	(13)b	5	1	-13988	0	0	0	0	0	0	0	0	0	-13988	4	-13988	6
32	18	17	4	17	5	0.5	69	1	0	0	0	0	1	0	0	1	68	5	67	5.5
32	18	17	4	17	5	0.5	81	1	0	0	0	0	0	0	0	1	68	5	67	5.5
32	22	21	2	21	5	0.5	55	0	0	0	0	0	0	0	0	1	57	4.5	59	5.5
33	5	5	10	5	5.5	0.5	59	0	1	0	0	0	0	0	1	0	55	5	57	6
33	7	7	9	7	5.5	1.5	62	1	1	0	0	0	0	0	0	0	62	4	62	7
33	7	7	9	7	5.5	1.5	65	1	0	0	0	0	0	0	0	0	62	4	62	7
33	11	11	7	11	5.5	0.5	71	1	0	0	0	0	0	0	1	0	79	5	69	6
33	11	11	7	11	5.5	0.5	74	1	0	0	0	0	0	0	1	0	79	5	69	6
33	11	11	7	11	5.5	0.5	77	1	0	0	0	0	0	0	1	0	79	5	69	6
33	13	13	6	(13)a	5.5	0.5	-13988	0	1	0	0	0	0	0	1	0	-13988	5	-13988	6
33	18	17	4	17	5.5	0.5	67	1	0	0	0	0	1	0	0	0	69	5	65	6
33	18	17	4	17	5.5	0.5	79	1	0	0	0	0	0	0	0	0	69	5	65	6
33	20	19	3	19	5.5	1.5	62	1	1	0	0	0	0	0	0	0	62	4	62	7
33	20	19	3	19	5.5	1.5	65	1	0	0	0	0	0	0	0	0	62	4	62	7
33	22	21	2	21	5.5	0.5	59	0	1	0	0	0	0	0	1	0	55	5	57	6
34	1	1	12	1	6	1	43	0	0	0	0	0	1	0	0	0	43	5	43	7
34	3	3	11	3	6	1	43	1	0	0	0	0	1	0	0	0	43	5	43	7
34	3	3	11	3	6	1	50	1	0	0	0	0	0	0	0	0	43	5	43	7
34	5	5	10	5	6	0.5	57	0	0	0	0	0	0	0	0	0	59	5.5	55	6.5
34	9	9	8	9	6	1	62	1	0	0	0	0	1	0	0	0	62	5	62	7
34	9	9	8	9	6	1	67	1	0	0	0	0	0	0	0	0	62	5	62	7
34	11	11	7	11	6	0.5	69	0	0	0	0	0	0	0	0	0	71	5.5	67	6.5
34	13	13	6	(13)a	6	0.5	-13988	0	0	0	0	0	1	0	0	0	-13988	5.5	-13988	6.5
34	14	13	6	(13)b	6	1	-13988	0	0	0	0	0	0	0	0	0	-13988	5	-13988	7
34	18	17	4	17	6	0.5	65	1	0	0	0	0	0	0	0	0	67	5.5	64	6.5
34	18	17	4	17	6	0.5	77	1	0	0	0	0	0	0	0	0	67	5.5	64	6.5
34	22	21	2	21	6	0.5	57	0	0	0	0	0	0	0	0	0	59	5.5	55	6.5
35	5	5	10	5	6.5	0.5	55	0	0	0	0	0	0	0	0	1	57	6	59	7
35	11	11	7	11	6.5	0.5	67	0	0	0	0	0	0	0	0	1	69	6	59	7
35	13	13	6	(13)a	6.5	0.5	-13988	0	0	0	0	0	1	0	0	1	-13988	6	-13988	7
35	18	17	4	17	6.5	0.5	64	1	0	0	0	0	1	0	0	0	65	6	62	7
35	18	17	4	17	6.5	0.5	76	1	0	0	0	0	0	0	0	0	65	6	62	7
35	22	21	2	21	6.5	0.5	55	0	0	0	0	0	0	0	0	1	57	6	59	7
36	1	1	12	1	7	1	43	0	0	0	0	0	1	0	0	0	43	6	36	8
36	3	3	11	3	7	1	43	1	0	0	0	0	1	0	0	0	43	6	36	8
36	3	3	11	3	7	1	50	1	0	0	0	0	0	0	0	0	43	6	36	8
36	5	5	10	5	7	0.333333	59	0	1	0	0	0	0	0	1	0	55	6.5	57	7.33333
36	7	7	9	7	7	1	62	1	1	0	0	0	0	0	0	0	62	5.5	60	8
36	7	7	9	7	7	1	65	1	0	0	0	0	0	0	0	0	62	5.5	60	8
36	9	9	8	9	7	1	62	1	0	0	0	0	1	0	0	0	62	6	60	8
36	9	9	8	9	7	1	67	1	0	0	0	0	0	0	0	0	62	6	60	8
36	11	11	7	11	7	0.333333	59	1	0	0	0	0	0	0	1	0	67	6.5	57	7.33333
36	11	11	7	11	7	0.333333	62	1	0	0	0	0	0	0	1	0	67	6.5	57	7.33333
36	11	11	7	11	7	0.333333	65	1	0	0	0	0	0	0	1	0	67	6.5	57	7.33333
36	13	13	6	(13)a	7	0.333333	-13988	0	1	0	0	0	0	0	1	0	-13988	6.5	-13988	7.33333
36	14	13	6	(13)b	7	1	-13988	0	0	0	0	0	0	0	0	0	-13988	6	-13988	8
36	18	17	4	17	7	1	62	1	0	0	0	1	0	0	0	0	64	6.5	60	8
36	18	17	4	17	7	1	74	1	0	0	0	0	0	0	0	0	64	6.5	60	8
36	20	19	3	19	7	1	62	1	1	0	0	0	0	0	0	0	62	5.5	60	8
36	20	19	3	19	7	1	65	1	0	0	0	0	0	0	0	0	62	5.5	60	8
36	22	21	2	21	7	0.333333	59	0	1	0	0	0	0	0	1	0	55	6.5	57	7.33333
37	5	5	10	5	7.33333	0.333333	57	0	0	0	0	0	0	0	0	0	59	7	55	7.66667
37	11	11	7	11	7.33333	0.333333	57	0	0	0	0	0	0	0	0	0	59	7	55	7.66667
37	13	13	6	(13)a	7.33333	0.333333	-13988	0	0	0	0	0	0	0	0	0	-13988	7	-13988	7.66667
37	22	21	2	21	7.33333	0.333333	57	0	0	0	0	0	0	0	0	0	59	7	55	7.66667
38	5	5	10	5	7.66667	0.333333	55	0	0	0	0	0	0	0	0	1	57	7.33333	58	8
38	11	11	7	11	7.66667	0.333333	55	0	0	0	0	0	0	0	0	1	57	7.33333	82	8
38	13	13	6	(13)a	7.66667	0.333333	-13988	0	0	0	0	0	0	0	0	1	-13988	7.33333	-13988	8
38	22	21	2	21	7.66667	0.333333	55	0	0	0	0	0	0	0	0	1	57	7.33333	58	8
40	1	1	12	1	8	1	36	0	0	0	0	0	1	0	0	0	43	7	36	9
40	3	3	11	3	8	1	36	1	0	0	0	0	1	0	0	0	43	7	36	9
40	3	3	11	3	8	1	43	1	0	0	0	0	0	0	0	0	43	7	36	9
40	5	5	10	5	8	0.5	58	0	1	0	0	0	0	0	1	0	55	7.66667	57	8.5
40	7	7	9	7	8	1.5	60	1	1	0	0	0	0	0	0	0	62	7	60	9.5
40	7	7	9	7	8	1.5	64	1	0	0	0	0	0	0	0	0	62	7	60	9.5
40	9	9	8	9	8	1	60	1	0	0	0	0	1	0	0	0	62	7	60	9
40	9	9	8	9	8	1	67	1	0	0	0	0	0	0	0	0	62	7	60	9
40	11	11	7	11	8	0.5	82	1	0	0	0	0	0	0	1	0	55	7.66667	81	8.5
40	11	11	7	11	8	0.5	84	1	0	0	0	0	0	0	1	0	55	7.66667	81	8.5
40	11	11	7	11	8	0.5	88	1	0	0	0	0	0	0	1	0	55	7.66667	81	8.5
40	13	13	6	(13)a	8	0.5	-13988	0	1	0	0	0	0	0	1	0	-13988	7.66667	-13988	8.5
40	14	13	6	(13)b	8	1	-13988	0	0	0	0	0	0	0	0	0	-13988	7	-13988	9
40	16	15	5	15	8	8	60	0	0	0	0	0	0	0	0	0	0	-1	0	0
40	18	17	4	17	8	8	60	1	0	0	0	0	0	0	0	0	62	7	60	16
40	18	17	4	17	8	8	72	1	0	0	0	0	0	0	0	0	62	7	60	16
40	20	19	3	19	8	1.5	60	1	1	0	0	0	0	0	0	0	62	7	60	9.5
40	20	19	3	19	8	1.5	64	1	0	0	0	0	0	0	0	0	62	7	60	9.5
40	22	21	2	21	8	0.5	58	0	1	0	0	0	0	0	1	0	55	7.66667	57	8.5
41	5	5	10	5	8.5	0.5	57	0	0	0	0	0	0	0	0	0	58	8	55	9
41	11	11	7	11	8.5	0.5	81	0	0	0	0	0	0	0	0	0	82	8	79	9
41	13	13	6	(13)a	8.5	0.5	-13988	0	0	0	0	0	1	0	0	0	-13988	8	-13988	9
41	22	21	2	21	8.5	0.5	57	0	0	0	0	0	0	0	0	0	58	8	55	9
42	1	1	12	1	9	1	36	0	0	0	0	0	1	0	0	0	36	8	36	10
42	3	3	11	3	9	1	36	1	0	0	0	0	1	0	0	0	36	8	36	10
42	3	3	11	3	9	1	43	1	0	0	0	0	0	0	0	0	36	8	36	10
42	5	5	10	5	9	0.5	55	0	0	0	0	0	0	0	0	1	57	8.5	58	9.5
42	9	9	8	9	9	1	60	1	0	0	0	0	1	0	0	0	60	8	60	10
42	9	9	8	9	9	1	67	1	0	0	0	0	0	0	0	0	60	8	60	10
42	11	11	7	11	9	0.5	79	0	0	0	0	0	0	0	0	1	81	8.5	70	9.5
42	13	13	6	(13)a	9	0.5	-13988	0	0	0	0	0	1	0	0	1	-13988	8.5	-13988	9.5
42	14	13	6	(13)b	9	1	-13988	0	0	0	0	0	0	0	0	0	-13988	8	-13988	10
42	22	21	2	21	9	0.5	55	0	0	0	0	0	0	0	0	1	57	8.5	58	9.5
43	5	5	10	5	9.5	0.5	58	0	1	0	0	0	0	0	1	0	55	9	57	10
43	7	7	9	7	9.5	1.5	60	1	1	0	0	0	0	0	0	0	60	8	60	11
43	7	7	9	7	9.5	1.5	64	1	0	0	0	0	0	0	0	0	60	8	60	11
43	11	11	7	11	9.5	0.5	70	1	0	0	0	0	0	0	1	0	79	9	69	10
43	11	11	7	11	9.5	0.5	72	1	0	0	0	0	0	0	1	0	79	9	69	10
43	11	11	7	11	9.5	0.5	76	1	0	0	0	0	0	0	1	0	79	9	69	10
43	13	13	6	(13)a	9.5	0.5	-13988	0	1	0	0	0	0	0	1	0	-13988	9	-13988	10
43	20	19	3	19	9.5	1.5	60	1	1	0	0	0	0	0	0	0	60	8	60	11
43	20	19	3	19	9.5	1.5	64	1	0	0	0	0	0	0	0	0	60	8	60	11
43	22	21	2	21	9.5	0.5	58	0	1	0	0	0	0	0	1	0	55	9	57	10
44	1	1	12	1	10	1	36	0	0	0	0	0	1	0	0	0	36	9	36	11
44	3	3	11	3	10	1	36	1	0	0	0	0	1	0	0	0	36	9	36	11
44	3	3	11	3	10	1	43	1	0	0	0	0	0	0	0	0	36	9	36	11
44	5	5	10	5	10	0.5	57	0	0	0	0	0	0	0	0	0	58	9.5	55	10.5
44	9	9	8	9	10	1	60	1	0	0	0	0	1	0	0	0	60	9	60	11
44	9	9	8	9	10	1	67	1	0	0	0	0	0	0	0	0	60	9	60	11
44	11	11	7	11	10	0.5	69	0	0	0	0	0	0	0	0	0	70	9.5	67	10.5
44	13	13	6	(13)a	10	0.5	-13988	0	0	0	0	0	1	0	0	0	-13988	9.5	-13988	10.5
44	14	13	6	(13)b	10	1	-13988	0	0	0	0	0	0	0	0	0	-13988	9	-13988	11
44	22	21	2	21	10	0.5	57	0	0	0	0	0	0	0	0	0	58	9.5	55	10.5
45	5	5	10	5	10.5	0.5	55	0	0	0	0	0	0	0	0	1	57	10	58	11
45	11	11	7	11	10.5	0.5	67	0	0	0	0	0	0	0	0	1	69	10	58	11
45	13	13	6	(13)a	10.5	0.5	-13988	0	0	0	0	0	1	0	0	1	-13988	10	-13988	11
45	22	21	2	21	10.5	0.5	55	0	0	0	0	0	0	0	0	1	57	10	58	11
46	1	1	12	1	11	1	36	0	0	0	0	0	1	0	0	0	36	10	32	12
46	3	3	11	3	11	1	36	1	0	0	0	0	1	0	0	0	36	10	44	12
46	3	3	11	3	11	1	43	1	0	0	0	0	0	0	0	0	36	10	44	12
46	5	5	10	5	11	0.333333	58	0	1	0	0	0	0	0	1	0	55	10.5	57	11.3333
46	7	7	9	7	11	1	60	1	1	0	0	0	0	0	0	0	60	9.5	60	12
46	7	7	9	7	11	1	64	1	0	0	0	0	0	0	0	0	60	9.5	60	12
46	9	9	8	9	11	1	60	1	0	0	0	0	1	0	0	0	60	10	63	12
46	9	9	8	9	11	1	67	1	0	0	0	0	0	0	0	0	60	10	63	12
46	11	11	7	11	11	0.333333	58	1	0	0	0	0	0	0	1	0	67	10.5	57	11.3333
46	11	11	7	11	11	0.333333	60	1	0	0	0	0	0	0	1	0	67	10.5	57	11.3333
46	11	11	7	11	11	0.333333	64	1	0	0	0	0	0	0	1	0	67	10.5	57	11.3333
46	13	13	6	(13)a	11	0.333333	-13988	0	1	0	0	0	0	0	1	0	-13988	10.5	-13988	11.3333
46	14	13	6	(13)b	11	1	-13988	0	0	0	0	0	0	0	0	0	-13988	10	-13988	12
46	20	19	3	19	11	1	60	1	1	0	0	0	0	0	0	0	60	9.5	60	12
46	20	19	3	19	11	1	64	1	0	0	0	0	0	0	0	0	60	9.5	60	12
46	22	21	2	21	11	0.333333	58	0	1	0	0	0	0	0	1	0	55	10.5	57	11.3333
46	24	23	1	23	11	0.333333	83	0	0	0	0	0	0	0	1	0	0	-1	81	11.3333
47	5	5	10	5	11.3333	0.333333	57	0	0	0	0	0	0	0	0	0	58	11	55	11.6667
47	11	11	7	11	11.3333	0.333333	57	0	0	0	0	0	0	0	0	0	58	11	55	11.6667
47	13	13	6	(13)a	11.3333	0.333333	-13988	0	0	0	0	0	0	0	0	0	-13988	11	-13988	11.6667
47	22	21	2	21	11.3333	0.333333	57	0	0	0	0	0	0	0	0	0	58	11	55	11.6667
47	24	23	1	23	11.3333	0.333333	81	0	0	0	0	0	0	0	0	0	83	11	79	11.6667
48	5	5	10	5	11.6667	0.333333	55	0	0	0	0	0	0	0	0	1	57	11.3333	59	12
48	11	11	7	11	11.6667	0.333333	55	0	0	0	0	0	0	0	0	1	57	11.3333	82	12
48	13	13	6	(13)a	11.6667	0.333333	-13988	0	0	0	0	0	0	0	0	1	-13988	11.3333	-13988	12
48	22	21	2	21	11.6667	0.333333	55	0	0	0	0	0	0	0	0	1	57	11.3333	59	12
48	24	23	1	23	11.6667	0.333333	79	0	0	0	0	0	0	0	0	1	81	11.3333	71	12
50	1	1	12	1	12	1	32	0	0	0	0	0	1	0	0	0	36	11	32	13
50	3	3	11	3	12	1	44	1	0	0	0	0	1	0	0	0	36	11	44	13
50	3	3	11	3	12	1	51	1	0	0	0	0	0	0	0	0	36	11	44	13
50	5	5	10	5	12	0.5	59	0	1	0	0	0	0	0	1	0	55	11.6667	57	12.5
50	7	7	9	7	12	1.5	60	1	1	0	0	0	0	0	0	0	60	11	60	13.5
50	7	7	9	7	12	1.5	63	1	0	0	0	0	0	0	0	0	60	11	60	13.5
50	9	9	8	9	12	1	63	1	0	0	0	0	1	0	0	0	60	11	63	13
50	9	9	8	9	12	1	68	1	0	0	0	0	0	0	0	0	60	11	63	13
50	11	11	7	11	12	0.5	82	1	0	0	0	0	0	0	1	0	55	11.6667	81	12.5
50	11	11	7	11	12	0.5	84	1	0	0	0	0	0	0	1	0	55	11.6667	81	12.5
50	11	11	7	11	12	0.5	88	1	0	0	0	0	0	0	1	0	55	11.6667	81	12.5
50	13	13	6	(13)a	12	0.5	-13988	0	1	0	0	0	0	0	1	0	-13988	11.6667	-13988	12.5
50	14	13	6	(13)b	12	1	-13988	0	0	0	0	0	0	0	0	0	-13988	11	-13988	13
50	20	19	3	19	12	1.5	60	1	1	0	0	0	0	0	0	0	60	11	60	13.5
50	20	19	3	19	12	1.5	63	1	0	0	0	0	0	0	0	0	60	11	60	13.5
50	22	21	2	21	12	0.5	59	0	1	0	0	0	0	0	1	0	55	11.6667	57	12.5
50	24	23	1	23	12	0.5	71	0	0	0	0	0	0	0	1	0	79	11.6667	84	12.5
51	5	5	10	5	12.5	0.5	57	0	0	0	0	0	0	0	0	0	59	12	55	13
51	11	11	7	11	12.5	0.5	81	0	0	0	0	0	0	0	0	0	82	12	79	13
51	13	13	6	(13)a	12.5	0.5	-13988	0	0	0	0	0	1	0	0	0	-13988	12	-13988	13
51	22	21	2	21	12.5	0.5	57	0	0	0	0	0	0	0	0	0	59	12	55	13
51	24	23	1	23	12.5	1	84	0	0	0	0	0	0	0	0	1	71	12	72	13.5
52	1	1	12	1	13	1	32	0	0	0	0	0	1	0	0	0	32	12	32	14
52	3	3	11	3	13	1	44	1	0	0	0	0	1	0	0	0	44	12	44	14
52	3	3	11	3	13	1	51	1	0	0	0	0	0	0	0	0	44	12	44	14
52	5	5	10	5	13	0.5	55	0	0	0	0	0	0	0	0	1	57	12.5	59	13.5
52	9	9	8	9	13	1	63	1	0	0	0	0	1	0	0	0	63	12	63	14
52	9	9	8	9	13	1	68	1	0	0	0	0	0	0	0	0	63	12	63	14
52	11	11	7	11	13	0.5	79	0	0	0	0	0	0	0	0	1	81	12.5	70	13.5
52	13	13	6	(13)a	13	0.5	-13988	0	0	0	0	0	1	0	0	1	-13988	12.5	-13988	13.5
52	14	13	6	(13)b	13	1	-13988	0	0	0	0	0	0	0	0	0	-13988	12	-13988	14
52	22	21	2	21	13	0.5	55	0	0	0	0	0	0	0	0	1	57	12.5	59	13.5
53	5	5	10	5	13.5	0.5	59	0	1	0	0	0	0	0	1	0	55	13	57	14
53	7	7	9	7	13.5	1.5	60	1	1	0	0	0	0	0	0	0	60	12	60	15
53	7	7	9	7	13.5	1.5	63	1	0	0	0	0	0	0	0	0	60	12	60	15
53	11	11	7	11	13.5	0.5	70	1	0	0	0	0	0	0	1	0	79	13	69	14
53	11	11	7	11	13.5	0.5	72	1	0	0	0	0	0	0	1	0	79	13	69	14
53	11	11	7	11	13.5	0.5	76	1	0	0	0	0	0	0	1	0	79	13	69	14
53	13	13	6	(13)a	13.5	0.5	-13988	0	1	0	0	0	0	0	1	0	-13988	13	-13988	14
53	20	19	3	19	13.5	1.5	60	1	1	0	0	0	0	0	0	0	60	12	60	15
53	20	19	3	19	13.5	1.5	63	1	0	0	0	0	0	0	0	0	60	12	60	15
53	22	21	2	21	13.5	0.5	59	0	1	0	0	0	0	0	1	0	55	13	57	14
53	24	23	1	23	13.5	0.5	72	0	0	0	0	0	0	0	1	0	84	12.5	80	14
54	1	1	12	1	14	1	32	0	0	0	0	0	1	0	0	0	32	13	32	15
54	3	3	11	3	14	1	44	1	0	0	0	0	1	0	0	0	44	13	44	15
54	3	3	11	3	14	1	51	1	0	0	0	0	0	0	0	0	44	13	44	15
54	5	5	10	5	14	0.5	57	0	0	0	0	0	0	0	0	0	59	13.5	55	14.5
54	9	9	8	9	14	1	63	1	0	0	0	0	1	0	0	0	63	13	63	15
54	9	9	8	9	14	1	68	1	0	0	0	0	0	0	0	0	63	13	63	15
54	11	11	7	11	14	0.5	69	0	0	0	0	0	0	0	0	0	70	13.5	67	14.5
54	13	13	6	(13)a	14	0.5	-13988	0	0	0	0	0	1	0	0	0	-13988	13.5	-13988	14.5
54	14	13	6	(13)b	14	1	-13988	0	0	0	0	0	0	0	0	0	-13988	13	-13988	15
54	22	21	2	21	14	0.5	57	0	0	0	0	0	0	0	0	0	59	13.5	55	14.5
54	24	23	1	23	14	1	80	0	0	0	0	0	0	0	0	1	72	13.5	72	15
55	5	5	10	5	14.5	0.5	55	0	0	0	0	0	0	0	0	1	57	14	59	15
55	11	11	7	11	14.5	0.5	67	0	0	0	0	0	0	0	0	1	69	14	58	15
55	13	13	6	(13)a	14.5	0.5	-13988	0	0	0	0	0	1	0	0	1	-13988	14	-13988	15
55	22	21	2	21	14.5	0.5	55	0	0	0	0	0	0	0	0	1	57	14	59	15
56	1	1	12	1	15	1	32	0	0	0	0	0	1	0	0	0	32	14	36	16
56	3	3	11	3	15	1	44	1	0	0	0	0	1	0	0	0	44	14	36	16
56	3	3	11	3	15	1	51	1	0	0	0	0	0	0	0	0	44	14	36	16
56	5	5	10	5	15	0.333333	59	0	1	0	0	0	0	0	1	0	55	14.5	57	15.3333
56	7	7	9	7	15	1	60	1	1	0	0	0	0	0	0	0	60	13.5	60	16
56	7	7	9	7	15	1	63	1	0	0	0	0	0	0	0	0	60	13.5	60	16
56	9	9	8	9	15	1	63	1	0	0	0	0	1	0	0	0	63	14	60	16
56	9	9	8	9	15	1	68	1	0	0	0	0	0	0	0	0	63	14	60	16
56	11	11	7	11	15	0.333333	58	1	0	0	0	0	0	0	1	0	67	14.5	57	15.3333
56	11	11	7	11	15	0.333333	60	1	0	0	0	0	0	0	1	0	67	14.5	57	15.3333
56	11	11	7	11	15	0.333333	64	1	0	0	0	0	0	0	1	0	67	14.5	57	15.3333
56	13	13	6	(13)a	15	0.333333	-13988	0	1	0	0	0	0	0	1	0	-13988	14.5	-13988	15.3333
56	14	13	6	(13)b	15	1	-13988	0	0	0	0	0	0	0	0	0	-13988	14	-13988	16
56	20	19	3	19	15	1	60	1	1	0	0	0	0	0	0	0	60	13.5	60	16
56	20	19	3	19	15	1	63	1	0	0	0	0	0	0	0	0	60	13.5	60	16
56	22	21	2	21	15	0.333333	59	0	1	0	0	0	0	0	1	0	55	14.5	57	15.3333
56	24	23	1	23	15	0.5	72	0	0	0	0	0	0	0	1	0	80	14	75	15.5
57	5	5	10	5	15.3333	0.333333	57	0	0	0	0	0	0	0	0	0	59	15	55	15.6667
57	11	11	7	11	15.3333	0.333333	57	0	0	0	0	0	0	0	0	0	58	15	55	15.6667
57	13	13	6	(13)a	15.3333	0.333333	-13988	0	0	0	0	0	0	0	0	0	-13988	15	-13988	15.6667
57	22	21	2	21	15.3333	0.333333	57	0	0	0	0	0	0	0	0	0	59	15	55	15.6667
58	24	23	1	23	15.5	0.5	75	0	0	0	0	0	0	0	0	1	72	15	67	16
59	5	5	10	5	15.6667	0.333333	55	0	0	0	0	0	0	0	0	1	57	15.3333	58	16
59	11	11	7	11	15.6667	0.333333	55	0	0	0	0	0	0	0	0	1	57	15.3333	82	16
59	13	13	6	(13)a	15.6667	0.333333	-13988	0	0	0	0	0	0	0	0	1	-13988	15.3333	-13988	16
59	22	21	2	21	15.6667	0.333333	55	0	0	0	0	0	0	0	0	1	57	15.3333	58	16
61	1	1	12	1	16	1	36	0	0	0	0	0	1	0	0	0	32	15	36	17
61	3	3	11	3	16	1	36	1	0	0	0	0	1	0	0	0	44	15	36	17
61	3	3	11	3	16	1	43	1	0	0	0	0	0	0	0	0	44	15	36	17
61	5	5	10	5	16	0.5	58	0	1	0	0	0	0	0	1	0	55	15.6667	57	16.5
61	7	7	9	7	16	1.5	60	1	1	0	0	0	0	0	0	0	60	15	60	17.5
61	7	7	9	7	16	1.5	63	1	0	0	0	0	0	0	0	0	60	15	60	17.5
61	9	9	8	9	16	1	60	1	0	0	0	0	1	0	0	0	63	15	60	17
61	9	9	8	9	16	1	67	1	0	0	0	0	0	0	0	0	63	15	60	17
61	11	11	7	11	16	0.5	82	1	0	0	0	0	0	0	1	0	55	15.6667	81	16.5
61	11	11	7	11	16	0.5	84	1	0	0	0	0	0	0	1	0	55	15.6667	81	16.5
61	11	11	7	11	16	0.5	88	1	0	0	0	0	0	0	1	0	55	15.6667	81	16.5
61	13	13	6	(13)a	16	0.5	-13988	0	1	0	0	0	0	0	1	0	-13988	15.6667	-13988	16.5
61	14	13	6	(13)b	16	1	-13988	0	0	0	0	0	0	0	0	0	-13988	15	-13988	17
61	18	17	4	17	16	0.5	60	1	0	0	0	0	0	0	1	0	60	8	64	16.5
61	18	17	4	17	16	0.5	72	1	0	0	0	0	0	0	1	0	60	8	64	16.5
61	20	19	3	19	16	1.5	60	1	1	0	0	0	0	0	0	0	60	15	60	17.5
61	20	19	3	19	16	1.5	63	1	0	0	0	0	0	0	0	0	60	15	60	17.5
61	22	21	2	21	16	0.5	58	0	1	0	0	0	0	0	1	0	55	15.6667	57	16.5
61	24	23	1	23	16	1	67	0	0	0	0	0	0	0	0	0	75	15.5	0	0
62	5	5	10	5	16.5	0.5	57	0	0	0	0	0	0	0	0	0	58	16	55	17
62	11	11	7	11	16.5	0.5	81	0	0	0	0	0	0	0	0	0	82	16	79	17
62	13	13	6	(13)a	16.5	0.5	-13988	0	0	0	0	0	1	0	0	0	-13988	16	-13988	17
62	18	17	4	17	16.5	0.5	64	1	0	0	0	0	0	0	0	1	60	16	67	17
62	18	17	4	17	16.5	0.5	76	1	0	0	0	0	0	0	0	1	60	16	67	17
62	22	21	2	21	16.5	0.5	57	0	0	0	0	0	0	0	0	0	58	16	55	17
63	1	1	12	1	17	1	36	0	0	0	0	0	1	0	0	0	36	16	36	18
63	3	3	11	3	17	1	36	1	0	0	0	0	1	0	0	0	36	16	36	18
63	3	3	11	3	17	1	43	1	0	0	0	0	0	0	0	0	36	16	36	18
63	5	5	10	5	17	0.5	55	0	0	0	0	0	0	0	0	1	57	16.5	58	17.5
63	9	9	8	9	17	1	60	1	0	0	0	0	1	0	0	0	60	16	60	18
63	9	9	8	9	17	1	67	1	0	0	0	0	0	0	0	0	60	16	60	18
63	11	11	7	11	17	0.5	79	0	0	0	0	0	0	0	0	1	81	16.5	70	17.5
63	13	13	6	(13)a	17	0.5	-13988	0	0	0	0	0	1	0	0	1	-13988	16.5	-13988	17.5
63	14	13	6	(13)b	17	1	-13988	0	0	0	0	0	0	0	0	0	-13988	16	-13988	18
63	18	17	4	17	17	1	67	1	1	0	0	0	0	0	0	0	64	16.5	67	18
63	18	17	4	17	17	1	79	1	0	0	0	0	0	0	0	0	64	16.5	67	18
63	22	21	2	21	17	0.5	55	0	0	0	0	0	0	0	0	1	57	16.5	58	17.5
64	5	5	10	5	17.5	0.5	58	0	1	0	0	0	0	0	1	0	55	17	57	18
64	7	7	9	7	17.5	1.5	60	1	1	0	0	0	0	0	0	0	60	16	60	19
64	7	7	9	7	17.5	1.5	63	1	0	0	0	0	0	0	0	0	60	16	60	19
64	11	11	7	11	17.5	0.5	70	1	0	0	0	0	0	0	1	0	79	17	69	18
64	11	11	7	11	17.5	0.5	72	1	0	0	0	0	0	0	1	0	79	17	69	18
64	11	11	7	11	17.5	0.5	76	1	0	0	0	0	0	0	1	0	79	17	69	18
64	13	13	6	(13)a	17.5	0.5	-13988	0	1	0	0	0	0	0	1	0	-13988	17	-13988	18
64	20	19	3	19	17.5	1.5	60	1	1	0	0	0	0	0	0	0	60	16	60	19
64	20	19	3	19	17.5	1.5	63	1	0	0	0	0	0	0	0	0	60	16	60	19
64	22	21	2	21	17.5	0.5	58	0	1	0	0	0	0	0	1	0	55	17	57	18
65	1	1	12	1	18	1	36	0	0	0	0	0	1	0	0	0	36	17	36	19
65	3	3	11	3	18	1	36	1	0	0	0	0	1	0	0	0	36	17	36	19
65	3	3	11	3	18	1	43	1	0	0	0	0	0	0	0	0	36	17	36	19
65	5	5	10	5	18	0.5	57	0	0	0	0	0	0	0	0	0	58	17.5	55	18.5
65	9	9	8	9	18	1	60	1	0	0	0	0	1	0	0	0	60	17	60	19
65	9	9	8	9	18	1	67	1	0	0	0	0	0	0	0	0	60	17	60	19
65	11	11	7	11	18	0.5	69	0	0	0	0	0	0	0	0	0	70	17.5	67	18.5
65	13	13	6	(13)a	18	0.5	-13988	0	0	0	0	0	1	0	0	0	-13988	17.5	-13988	18.5
65	14	13	6	(13)b	18	1	-13988	0	0	0	0	0	0	0	0	0	-13988	17	-13988	19
65	18	17	4	17	18	1	67	1	1	0	0	0	0	0	0	0	67	17	67	19
65	18	17	4	17	18	1	79	1	0	0	0	0	0	0	0	0	67	17	67	19
65	22	21	2	21	18	0.5	57	0	0	0	0	0	0	0	0	0	58	17.5	55	18.5
66	5	5	10	5	18.5	0.5	55	0	0	0	0	0	0	0	0	1	57	18	58	19
66	11	11	7	11	18.5	0.5	67	0	0	0	0	0	0	0	0	1	69	18	58	19
66	13	13	6	(13)a	18.5	0.5	-13988	0	0	0	0	0	1	0	0	1	-13988	18	-13988	19
66	22	21	2	21	18.5	0.5	55	0	0	0	0	0	0	0	0	1	57	18	58	19
67	1	1	12	1	19	1	36	0	0	0	0	0	1	0	0	0	36	18	0	0
67	3	3	11	3	19	1	36	1	0	0	0	0	1	0	0	0	36	18	0	0
67	3	3	11	3	19	1	43	1	0	0	0	0	0	0	0	0	36	18	0	0
67	5	5	10	5	19	0.333333	58	0	1	0	0	0	0	0	1	0	55	18.5	57	19.3333
67	7	7	9	7	19	1	60	1	1	0	0	0	0	0	0	0	60	17.5	0	0
67	7	7	9	7	19	1	63	1	0	0	0	0	0	0	0	0	60	17.5	0	0
67	9	9	8	9	19	1	60	1	0	0	0	0	1	0	0	0	60	18	0	0
67	9	9	8	9	19	1	67	1	0	0	0	0	0	0	0	0	60	18	0	0
67	11	11	7	11	19	0.333333	58	1	0	0	0	0	0	0	1	0	67	18.5	57	19.3333
67	11	11	7	11	19	0.333333	60	1	0	0	0	0	0	0	1	0	67	18.5	57	19.3333
67	11	11	7	11	19	0.333333	64	1	0	0	0	0	0	0	1	0	67	18.5	57	19.3333
67	13	13	6	(13)a	19	0.333333	-13988	0	1	0	0	0	0	0	1	0	-13988	18.5	-13988	19.3333
67	14	13	6	(13)b	19	1	-13988	0	0	0	0	0	0	0	0	0	-13988	18	0	0
67	18	17	4	17	19	1	67	1	1	0	0	0	0	0	0	0	67	18	0	0
67	18	17	4	17	19	1	79	1	0	0	0	0	0	0	0	0	67	18	0	0
67	20	19	3	19	19	1	60	1	1	0	0	0	0	0	0	0	60	17.5	0	0
67	20	19	3	19	19	1	63	1	0	0	0	0	0	0	0	0	60	17.5	0	0
67	22	21	2	21	19	0.333333	58	0	1	0	0	0	0	0	1	0	55	18.5	57	19.3333
68	5	5	10	5	19.3333	0.333333	57	0	0	0	0	0	0	0	0	0	58	19	55	19.6667
68	11	11	7	11	19.3333	0.333333	57	0	0	0	0	0	0	0	0	0	58	19	55	19.6667
68	13	13	6	(13)a	19.3333	0.333333	-13988	0	0	0	0	0	0	0	0	0	-13988	19	-13988	19.6667
68	22	21	2	21	19.3333	0.333333	57	0	0	0	0	0	0	0	0	0	58	19	55	19.6667
69	5	5	10	5	19.6667	0.333333	55	0	0	0	0	0	0	0	0	1	57	19.3333	0	0
69	11	11	7	11	19.6667	0.333333	55	0	0	0	0	0	0	0	0	1	57	19.3333	0	0
69	13	13	6	(13)a	19.6667	0.333333	-13988	0	0	0	0	0	0	0	0	1	-13988	19.3333	0	0
69	22	21	2	21	19.6667	0.333333	55	0	0	0	0	0	0	0	0	1	57	19.3333	0	0
*-	*-	*-	*-	*-	*-	*-	*-	*-	*-	*-	*-	*-	*-	*-	*-	*-	*-	*-	*-	*-
