**line	**field	**track	**staff	**subtrack	**start	**dur	**pitch	**chord	**accent	**marcato	**sforzando	**tenuto	**staccato	**trill	**slur_start	**slur_end	**ppitch	**pstart	**npitch	**nstart
19	12	12	10	12	0	0.5	91	0	1	0	0	0	0	0	0	0	0	-1	0	0
19	13	13	9	13	0	0.5	61	1	0	0	0	0	0	0	0	0	0	-1	0	0
19	13	13	9	13	0	0.5	66	1	0	0	0	0	0	0	0	0	0	-1	0	0
19	14	14	8	14	0	0.5	65	1	0	0	0	0	0	0	0	0	0	-1	0	0
19	14	14	8	14	0	0.5	70	1	0	0	0	0	0	0	0	0	0	-1	0	0
19	15	15	7	15	0	0.5	61	1	0	0	0	0	0	0	0	0	0	-1	0	0
19	15	15	7	15	0	0.5	66	1	0	0	0	0	0	0	0	0	0	-1	0	0
19	16	16	6	16	0	0.5	65	1	0	0	0	0	0	0	0	0	0	-1	0	0
19	16	16	6	16	0	0.5	70	1	0	0	0	0	0	0	0	0	0	-1	0	0
21	1	1	16	1	0.5	0.5	62	0	0	0	0	0	0	0	0	0	0	-1	63	1
21	3	3	15	3	0.5	0.5	62	0	0	0	0	0	0	0	0	0	0	-1	63	1
21	5	5	14	5	0.5	0.5	64	0	0	0	0	0	0	0	0	0	0	-1	73	1
21	7	7	13	7	0.5	0.5	68	0	0	0	0	0	0	0	0	0	0	-1	76	1
21	9	9	12	9	0.5	0.5	82	0	1	0	0	0	0	0	0	0	0	-1	82	1
21	10	10	11	10	0.5	0.5	94	1	1	0	0	0	0	0	0	0	0	-1	94	1
21	10	10	11	10	0.5	0.5	106	1	0	0	0	0	0	0	0	0	0	-1	94	1
21	17	17	5	17	0.5	0.5	82	0	1	0	0	0	0	0	0	0	0	-1	82	1
21	19	19	4	19	0.5	0.5	94	0	1	0	0	0	0	0	0	0	0	-1	94	1
21	21	21	3	21	0.5	0.5	82	0	1	0	0	0	0	0	0	0	0	-1	82	1
21	23	23	2	23	0.5	0.5	82	0	1	0	0	0	0	0	0	0	0	-1	82	1
21	25	25	1	25	0.5	0.5	94	0	1	0	0	0	0	0	0	0	0	-1	94	1
22	1	1	16	1	1	0.5	63	0	0	0	0	0	0	0	0	0	62	0.5	64	1.5
22	3	3	15	3	1	0.5	63	0	0	0	0	0	0	0	0	0	62	0.5	64	1.5
22	5	5	14	5	1	0.5	73	0	0	0	0	0	0	0	0	0	64	0.5	67	1.5
22	7	7	13	7	1	0.5	76	0	0	0	0	0	0	0	0	0	68	0.5	70	1.5
22	9	9	12	9	1	0.25	82	0	0	0	0	0	1	0	0	0	82	0.5	79	1.25
22	10	10	11	10	1	0.25	94	1	0	0	0	0	1	0	0	0	94	0.5	91	1.25
22	10	10	11	10	1	0.25	106	1	0	0	0	0	0	0	0	0	94	0.5	91	1.25
22	17	17	5	17	1	0.25	82	0	0	0	0	0	1	0	0	0	82	0.5	79	1.25
22	19	19	4	19	1	0.25	94	0	0	0	0	0	1	0	0	0	94	0.5	91	1.25
22	21	21	3	21	1	0.25	82	0	0	0	0	0	1	0	0	0	82	0.5	79	1.25
22	23	23	2	23	1	0.25	82	0	0	0	0	0	1	0	0	0	82	0.5	79	1.25
22	25	25	1	25	1	0.25	94	0	0	0	0	0	1	0	0	0	94	0.5	91	1.25
23	9	9	12	9	1.25	0.25	79	0	1	0	0	0	0	0	0	0	82	1	79	1.5
23	10	10	11	10	1.25	0.25	91	1	1	0	0	0	0	0	0	0	94	1	91	1.5
23	10	10	11	10	1.25	0.25	103	1	0	0	0	0	0	0	0	0	94	1	91	1.5
23	17	17	5	17	1.25	0.25	79	0	1	0	0	0	0	0	0	0	82	1	79	1.5
23	19	19	4	19	1.25	0.25	91	0	1	0	0	0	0	0	0	0	94	1	91	1.5
23	21	21	3	21	1.25	0.25	79	0	1	0	0	0	0	0	0	0	82	1	79	1.5
23	23	23	2	23	1.25	0.25	79	0	1	0	0	0	0	0	0	0	82	1	79	1.5
23	25	25	1	25	1.25	0.25	91	0	1	0	0	0	0	0	0	0	94	1	91	1.5
25	1	1	16	1	1.5	0.5	64	0	1	0	0	0	0	0	0	0	63	1	65	2
25	3	3	15	3	1.5	0.5	64	0	1	0	0	0	0	0	0	0	63	1	65	2
25	5	5	14	5	1.5	0.5	67	0	0	0	0	0	0	0	0	0	73	1	78	2
25	7	7	13	7	1.5	0.5	70	0	0	0	0	0	0	0	0	0	76	1	81	2
25	9	9	12	9	1.5	0.25	79	0	0	0	0	0	1	0	0	0	79	1.25	77	1.75
25	10	10	11	10	1.5	0.25	91	1	0	0	0	0	1	0	0	0	91	1.25	89	1.75
25	10	10	11	10	1.5	0.25	103	1	0	0	0	0	0	0	0	0	91	1.25	89	1.75
25	17	17	5	17	1.5	0.25	79	0	0	0	0	0	1	0	0	0	79	1.25	77	1.75
25	19	19	4	19	1.5	0.25	91	0	0	0	0	0	1	0	0	0	91	1.25	89	1.75
25	21	21	3	21	1.5	0.25	79	0	0	0	0	0	1	0	0	0	79	1.25	77	1.75
25	23	23	2	23	1.5	0.25	79	0	0	0	0	0	1	0	0	0	79	1.25	77	1.75
25	25	25	1	25	1.5	0.25	91	0	0	0	0	0	1	0	0	0	91	1.25	89	1.75
26	9	9	12	9	1.75	0.5	77	0	1	0	0	0	0	0	0	0	79	1.5	75	2.25
26	10	10	11	10	1.75	0.5	89	1	1	0	0	0	0	0	0	0	91	1.5	87	2.25
26	10	10	11	10	1.75	0.5	101	1	0	0	0	0	0	0	0	0	91	1.5	87	2.25
26	17	17	5	17	1.75	0.5	77	0	1	0	0	0	0	0	0	0	79	1.5	75	2.25
26	19	19	4	19	1.75	0.5	89	0	1	0	0	0	0	0	0	0	91	1.5	87	2.25
26	21	21	3	21	1.75	0.5	77	0	1	0	0	0	0	0	0	0	79	1.5	75	2.25
26	23	23	2	23	1.75	0.5	77	0	1	0	0	0	0	0	0	0	79	1.5	75	2.25
26	25	25	1	25	1.75	0.5	89	0	1	0	0	0	0	0	0	0	91	1.5	87	2.25
27	1	1	16	1	2	0.5	65	0	0	0	0	0	0	0	0	0	64	1.5	61	2.5
27	3	3	15	3	2	0.5	65	0	0	0	0	0	0	0	0	0	64	1.5	61	2.5
27	5	5	14	5	2	0.5	78	0	0	0	0	0	0	0	0	0	67	1.5	64	2.5
27	7	7	13	7	2	0.5	81	0	0	0	0	0	0	0	0	0	70	1.5	68	2.5
28	9	9	12	9	2.25	0.25	75	0	0	0	0	0	0	0	0	0	77	1.75	77	2.5
28	10	10	11	10	2.25	0.25	87	1	0	0	0	0	0	0	0	0	89	1.75	89	2.5
28	10	10	11	10	2.25	0.25	99	1	0	0	0	0	0	0	0	0	89	1.75	89	2.5
28	17	17	5	17	2.25	0.25	75	0	0	0	0	0	0	0	0	0	77	1.75	77	2.5
28	19	19	4	19	2.25	0.25	87	0	0	0	0	0	0	0	0	0	89	1.75	89	2.5
28	21	21	3	21	2.25	0.25	75	0	0	0	0	0	0	0	0	0	77	1.75	77	2.5
28	23	23	2	23	2.25	0.25	75	0	0	0	0	0	0	0	0	0	77	1.75	77	2.5
28	25	25	1	25	2.25	0.25	87	0	0	0	0	0	0	0	0	0	89	1.75	89	2.5
29	1	1	16	1	2.5	0.5	61	0	0	0	0	0	0	0	0	0	65	2	62	3
29	3	3	15	3	2.5	0.5	61	0	0	0	0	0	0	0	0	0	65	2	62	3
29	5	5	14	5	2.5	0.5	64	0	0	0	0	0	0	0	0	0	78	2	73	3
29	7	7	13	7	2.5	0.5	68	0	0	0	0	0	0	0	0	0	81	2	76	3
29	9	9	12	9	2.5	0.25	77	0	1	0	0	0	0	0	0	0	75	2.25	79	2.75
29	10	10	11	10	2.5	0.25	89	1	1	0	0	0	0	0	0	0	87	2.25	91	2.75
29	10	10	11	10	2.5	0.25	101	1	0	0	0	0	0	0	0	0	87	2.25	91	2.75
29	17	17	5	17	2.5	0.25	77	0	1	0	0	0	0	0	0	0	75	2.25	79	2.75
29	19	19	4	19	2.5	0.25	89	0	1	0	0	0	0	0	0	0	87	2.25	91	2.75
29	21	21	3	21	2.5	0.25	77	0	1	0	0	0	0	0	0	0	75	2.25	79	2.75
29	23	23	2	23	2.5	0.25	77	0	1	0	0	0	0	0	0	0	75	2.25	79	2.75
29	25	25	1	25	2.5	0.25	89	0	1	0	0	0	0	0	0	0	87	2.25	91	2.75
30	9	9	12	9	2.75	0.25	79	0	0	0	0	0	1	0	0	0	77	2.5	83	3
30	10	10	11	10	2.75	0.25	91	1	0	0	0	0	1	0	0	0	89	2.5	95	3
30	10	10	11	10	2.75	0.25	103	1	0	0	0	0	0	0	0	0	89	2.5	95	3
30	17	17	5	17	2.75	0.25	79	0	0	0	0	0	1	0	0	0	77	2.5	83	3
30	19	19	4	19	2.75	0.25	91	0	0	0	0	0	1	0	0	0	89	2.5	95	3
30	21	21	3	21	2.75	0.25	79	0	0	0	0	0	1	0	0	0	77	2.5	83	3
30	23	23	2	23	2.75	0.25	79	0	0	0	0	0	1	0	0	0	77	2.5	83	3
30	25	25	1	25	2.75	0.25	91	0	0	0	0	0	1	0	0	0	89	2.5	95	3
32	1	1	16	1	3	0.5	62	0	1	0	0	0	0	0	0	0	61	2.5	63	3.5
32	3	3	15	3	3	0.5	62	0	1	0	0	0	0	0	0	0	61	2.5	63	3.5
32	5	5	14	5	3	0.5	73	0	0	0	0	0	0	0	0	0	64	2.5	67	3.5
32	7	7	13	7	3	0.5	76	0	0	0	0	0	0	0	0	0	68	2.5	70	3.5
32	9	9	12	9	3	0.25	83	0	1	0	0	0	0	0	0	0	79	2.75	82	3.5
32	10	10	11	10	3	0.25	95	1	1	0	0	0	0	0	0	0	91	2.75	94	3.5
32	10	10	11	10	3	0.25	107	1	0	0	0	0	0	0	0	0	91	2.75	94	3.5
32	17	17	5	17	3	0.25	83	0	1	0	0	0	0	0	0	0	79	2.75	82	3.5
32	19	19	4	19	3	0.25	95	0	1	0	0	0	0	0	0	0	91	2.75	94	3.5
32	21	21	3	21	3	0.25	83	0	1	0	0	0	0	0	0	0	79	2.75	82	3.5
32	23	23	2	23	3	0.25	83	0	1	0	0	0	0	0	0	0	79	2.75	82	3.5
32	25	25	1	25	3	0.25	95	0	1	0	0	0	0	0	0	0	91	2.75	94	3.5
34	1	1	16	1	3.5	0.5	63	0	0	0	0	0	0	0	0	0	62	3	64	4
34	3	3	15	3	3.5	0.5	63	0	0	0	0	0	0	0	0	0	62	3	64	4
34	5	5	14	5	3.5	0.5	67	0	0	0	0	0	0	0	0	0	73	3	78	4
34	7	7	13	7	3.5	0.5	70	0	0	0	0	0	0	0	0	0	76	3	81	4
34	9	9	12	9	3.5	0.5	82	0	0	0	0	0	0	0	0	0	83	3	82	4
34	10	10	11	10	3.5	0.5	94	1	0	0	0	0	0	0	0	0	95	3	94	4
34	10	10	11	10	3.5	0.5	106	1	0	0	0	0	0	0	0	0	95	3	94	4
34	17	17	5	17	3.5	0.5	82	0	0	0	0	0	0	0	0	0	83	3	82	4
34	19	19	4	19	3.5	0.5	94	0	0	0	0	0	0	0	0	0	95	3	94	4
34	21	21	3	21	3.5	0.5	82	0	0	0	0	0	0	0	0	0	83	3	82	4
34	23	23	2	23	3.5	0.5	82	0	0	0	0	0	0	0	0	0	83	3	82	4
34	25	25	1	25	3.5	0.5	94	0	0	0	0	0	0	0	0	0	95	3	94	4
35	1	1	16	1	4	0.5	64	0	0	0	0	0	0	0	0	0	63	3.5	61	4.5
35	3	3	15	3	4	0.5	64	0	0	0	0	0	0	0	0	0	63	3.5	61	4.5
35	5	5	14	5	4	0.5	78	0	0	0	0	0	0	0	0	0	67	3.5	64	4.5
35	7	7	13	7	4	0.5	81	0	0	0	0	0	0	0	0	0	70	3.5	68	4.5
35	9	9	12	9	4	0.25	82	0	0	0	0	0	1	0	0	0	82	3.5	79	4.25
35	10	10	11	10	4	0.25	94	1	0	0	0	0	1	0	0	0	94	3.5	91	4.25
35	10	10	11	10	4	0.25	106	1	0	0	0	0	0	0	0	0	94	3.5	91	4.25
35	17	17	5	17	4	0.25	82	0	0	0	0	0	1	0	0	0	82	3.5	79	4.25
35	19	19	4	19	4	0.25	94	0	0	0	0	0	1	0	0	0	94	3.5	91	4.25
35	21	21	3	21	4	0.25	82	0	0	0	0	0	1	0	0	0	82	3.5	79	4.25
35	23	23	2	23	4	0.25	82	0	0	0	0	0	1	0	0	0	82	3.5	79	4.25
35	25	25	1	25	4	0.25	94	0	0	0	0	0	1	0	0	0	94	3.5	91	4.25
36	9	9	12	9	4.25	0.5	79	0	1	0	0	0	0	0	0	0	82	4	79	4.75
36	10	10	11	10	4.25	0.5	91	1	1	0	0	0	0	0	0	0	94	4	91	4.75
36	10	10	11	10	4.25	0.5	103	1	0	0	0	0	0	0	0	0	94	4	91	4.75
36	17	17	5	17	4.25	0.5	79	0	1	0	0	0	0	0	0	0	82	4	79	4.75
36	19	19	4	19	4.25	0.5	91	0	1	0	0	0	0	0	0	0	94	4	91	4.75
36	21	21	3	21	4.25	0.5	79	0	1	0	0	0	0	0	0	0	82	4	79	4.75
36	23	23	2	23	4.25	0.5	79	0	1	0	0	0	0	0	0	0	82	4	79	4.75
36	25	25	1	25	4.25	0.5	91	0	1	0	0	0	0	0	0	0	94	4	91	4.75
38	1	1	16	1	4.5	0.5	61	0	1	0	0	0	0	0	0	0	64	4	62	5
38	3	3	15	3	4.5	0.5	61	0	1	0	0	0	0	0	0	0	64	4	62	5
38	5	5	14	5	4.5	0.5	64	0	0	0	0	0	0	0	0	0	78	4	73	5
38	7	7	13	7	4.5	0.5	68	0	0	0	0	0	0	0	0	0	81	4	76	5
39	9	9	12	9	4.75	0.25	79	0	0	0	0	0	1	0	0	0	79	4.25	77	5
39	10	10	11	10	4.75	0.25	91	1	0	0	0	0	1	0	0	0	91	4.25	89	5
39	10	10	11	10	4.75	0.25	103	1	0	0	0	0	0	0	0	0	91	4.25	89	5
39	17	17	5	17	4.75	0.25	79	0	0	0	0	0	1	0	0	0	79	4.25	77	5
39	19	19	4	19	4.75	0.25	91	0	0	0	0	0	1	0	0	0	91	4.25	89	5
39	21	21	3	21	4.75	0.25	79	0	0	0	0	0	1	0	0	0	79	4.25	77	5
39	23	23	2	23	4.75	0.25	79	0	0	0	0	0	1	0	0	0	79	4.25	77	5
39	25	25	1	25	4.75	0.25	91	0	0	0	0	0	1	0	0	0	91	4.25	89	5
40	1	1	16	1	5	0.5	62	0	0	0	0	0	0	0	0	0	61	4.5	63	5.5
40	3	3	15	3	5	0.5	62	0	0	0	0	0	0	0	0	0	61	4.5	63	5.5
40	5	5	14	5	5	0.5	73	0	0	0	0	0	0	0	0	0	64	4.5	67	5.5
40	7	7	13	7	5	0.5	76	0	0	0	0	0	0	0	0	0	68	4.5	70	5.5
40	9	9	12	9	5	0.5	77	0	1	0	0	0	0	0	0	0	79	4.75	75	5.5
40	10	10	11	10	5	0.5	89	1	1	0	0	0	0	0	0	0	91	4.75	87	5.5
40	10	10	11	10	5	0.5	101	1	0	0	0	0	0	0	0	0	91	4.75	87	5.5
40	17	17	5	17	5	0.5	77	0	1	0	0	0	0	0	0	0	79	4.75	75	5.5
40	19	19	4	19	5	0.5	89	0	1	0	0	0	0	0	0	0	91	4.75	87	5.5
40	21	21	3	21	5	0.5	77	0	1	0	0	0	0	0	0	0	79	4.75	75	5.5
40	23	23	2	23	5	0.5	77	0	1	0	0	0	0	0	0	0	79	4.75	75	5.5
40	25	25	1	25	5	0.5	89	0	1	0	0	0	0	0	0	0	91	4.75	87	5.5
41	1	1	16	1	5.5	0.5	63	0	0	0	0	0	0	0	0	0	62	5	64	6
41	3	3	15	3	5.5	0.5	63	0	0	0	0	0	0	0	0	0	62	5	64	6
41	5	5	14	5	5.5	0.5	67	0	0	0	0	0	0	0	0	0	73	5	78	6
41	7	7	13	7	5.5	0.5	70	0	0	0	0	0	0	0	0	0	76	5	81	6
41	9	9	12	9	5.5	0.25	75	0	0	0	0	0	0	0	0	0	77	5	77	5.75
41	10	10	11	10	5.5	0.25	87	1	0	0	0	0	0	0	0	0	89	5	89	5.75
41	10	10	11	10	5.5	0.25	99	1	0	0	0	0	0	0	0	0	89	5	89	5.75
41	17	17	5	17	5.5	0.25	75	0	0	0	0	0	0	0	0	0	77	5	77	5.75
41	19	19	4	19	5.5	0.25	87	0	0	0	0	0	0	0	0	0	89	5	89	5.75
41	21	21	3	21	5.5	0.25	75	0	0	0	0	0	0	0	0	0	77	5	77	5.75
41	23	23	2	23	5.5	0.25	75	0	0	0	0	0	0	0	0	0	77	5	77	5.75
41	25	25	1	25	5.5	0.25	87	0	0	0	0	0	0	0	0	0	89	5	89	5.75
42	9	9	12	9	5.75	0.25	77	0	1	0	0	0	0	0	0	0	75	5.5	79	6
42	10	10	11	10	5.75	0.25	89	1	1	0	0	0	0	0	0	0	87	5.5	91	6
42	10	10	11	10	5.75	0.25	101	1	0	0	0	0	0	0	0	0	87	5.5	91	6
42	17	17	5	17	5.75	0.25	77	0	1	0	0	0	0	0	0	0	75	5.5	79	6
42	19	19	4	19	5.75	0.25	89	0	1	0	0	0	0	0	0	0	87	5.5	91	6
42	21	21	3	21	5.75	0.25	77	0	1	0	0	0	0	0	0	0	75	5.5	79	6
42	23	23	2	23	5.75	0.25	77	0	1	0	0	0	0	0	0	0	75	5.5	79	6
42	25	25	1	25	5.75	0.25	89	0	1	0	0	0	0	0	0	0	87	5.5	91	6
44	1	1	16	1	6	0.5	64	0	1	0	0	0	0	0	0	0	63	5.5	61	6.5
44	3	3	15	3	6	0.5	64	0	1	0	0	0	0	0	0	0	63	5.5	61	6.5
44	5	5	14	5	6	0.5	78	0	0	0	0	0	0	0	0	0	67	5.5	64	6.5
44	7	7	13	7	6	0.5	81	0	0	0	0	0	0	0	0	0	70	5.5	68	6.5
44	9	9	12	9	6	0.25	79	0	0	0	0	0	1	0	0	0	77	5.75	75	6.25
44	10	10	11	10	6	0.25	91	1	0	0	0	0	1	0	0	0	89	5.75	87	6.25
44	10	10	11	10	6	0.25	103	1	0	0	0	0	0	0	0	0	89	5.75	87	6.25
44	17	17	5	17	6	0.25	79	0	0	0	0	0	1	0	0	0	77	5.75	75	6.25
44	19	19	4	19	6	0.25	91	0	0	0	0	0	1	0	0	0	89	5.75	87	6.25
44	21	21	3	21	6	0.25	79	0	0	0	0	0	1	0	0	0	77	5.75	75	6.25
44	23	23	2	23	6	0.25	79	0	0	0	0	0	1	0	0	0	77	5.75	75	6.25
44	25	25	1	25	6	0.25	91	0	0	0	0	0	1	0	0	0	89	5.75	87	6.25
45	9	9	12	9	6.25	0.25	75	0	0	0	0	1	0	0	0	0	79	6	82	6.75
45	10	10	11	10	6.25	0.25	87	1	0	0	0	1	0	0	0	0	91	6	94	6.75
45	10	10	11	10	6.25	0.25	99	1	0	0	0	0	0	0	0	0	91	6	94	6.75
45	17	17	5	17	6.25	0.25	75	0	0	0	0	1	0	0	0	0	79	6	82	6.75
45	19	19	4	19	6.25	0.25	87	0	0	0	0	1	0	0	0	0	91	6	94	6.75
45	21	21	3	21	6.25	0.25	75	0	0	0	0	1	0	0	0	0	79	6	82	6.75
45	23	23	2	23	6.25	0.25	75	0	0	0	0	1	0	0	0	0	79	6	82	6.75
45	25	25	1	25	6.25	0.25	87	0	0	0	0	1	0	0	0	0	91	6	94	6.75
46	1	1	16	1	6.5	0.5	61	0	0	0	0	0	0	0	0	0	64	6	62	7
46	3	3	15	3	6.5	0.5	61	0	0	0	0	0	0	0	0	0	64	6	62	7
46	5	5	14	5	6.5	0.5	64	0	0	0	0	0	0	0	0	0	78	6	73	7
46	7	7	13	7	6.5	0.5	68	0	0	0	0	0	0	0	0	0	81	6	76	7
47	9	9	12	9	6.75	0.5	82	0	1	0	0	0	0	0	0	0	75	6.25	82	7.25
47	10	10	11	10	6.75	0.5	94	1	1	0	0	0	0	0	0	0	87	6.25	94	7.25
47	10	10	11	10	6.75	0.5	106	1	0	0	0	0	0	0	0	0	87	6.25	94	7.25
47	17	17	5	17	6.75	0.5	82	0	1	0	0	0	0	0	0	0	75	6.25	82	7.25
47	19	19	4	19	6.75	0.5	94	0	1	0	0	0	0	0	0	0	87	6.25	94	7.25
47	21	21	3	21	6.75	0.5	82	0	1	0	0	0	0	0	0	0	75	6.25	82	7.25
47	23	23	2	23	6.75	0.5	82	0	1	0	0	0	0	0	0	0	75	6.25	82	7.25
47	25	25	1	25	6.75	0.5	94	0	1	0	0	0	0	0	0	0	87	6.25	94	7.25
48	1	1	16	1	7	0.5	62	0	0	0	0	0	0	0	0	0	61	6.5	63	7.5
48	3	3	15	3	7	0.5	62	0	0	0	0	0	0	0	0	0	61	6.5	63	7.5
48	5	5	14	5	7	0.5	73	0	0	0	0	0	0	0	0	0	64	6.5	67	7.5
48	7	7	13	7	7	0.5	76	0	0	0	0	0	0	0	0	0	68	6.5	70	7.5
49	9	9	12	9	7.25	0.25	82	0	0	0	0	0	1	0	0	0	82	6.75	79	7.5
49	10	10	11	10	7.25	0.25	94	1	0	0	0	0	1	0	0	0	94	6.75	91	7.5
49	10	10	11	10	7.25	0.25	106	1	0	0	0	0	0	0	0	0	94	6.75	91	7.5
49	17	17	5	17	7.25	0.25	82	0	0	0	0	0	1	0	0	0	82	6.75	79	7.5
49	19	19	4	19	7.25	0.25	94	0	0	0	0	0	1	0	0	0	94	6.75	91	7.5
49	21	21	3	21	7.25	0.25	82	0	0	0	0	0	1	0	0	0	82	6.75	79	7.5
49	23	23	2	23	7.25	0.25	82	0	0	0	0	0	1	0	0	0	82	6.75	79	7.5
49	25	25	1	25	7.25	0.25	94	0	0	0	0	0	1	0	0	0	94	6.75	91	7.5
51	1	1	16	1	7.5	0.5	63	0	1	0	0	0	0	0	0	0	62	7	64	8
51	3	3	15	3	7.5	0.5	63	0	1	0	0	0	0	0	0	0	62	7	64	8
51	5	5	14	5	7.5	0.5	67	0	0	0	0	0	0	0	0	0	73	7	78	8
51	7	7	13	7	7.5	0.5	70	0	0	0	0	0	0	0	0	0	76	7	81	8
51	9	9	12	9	7.5	0.5	79	0	1	0	0	0	0	0	0	0	82	7.25	79	8
51	10	10	11	10	7.5	0.5	91	1	1	0	0	0	0	0	0	0	94	7.25	91	8
51	10	10	11	10	7.5	0.5	103	1	0	0	0	0	0	0	0	0	94	7.25	91	8
51	17	17	5	17	7.5	0.5	79	0	1	0	0	0	0	0	0	0	82	7.25	79	8
51	19	19	4	19	7.5	0.5	91	0	1	0	0	0	0	0	0	0	94	7.25	91	8
51	21	21	3	21	7.5	0.5	79	0	1	0	0	0	0	0	0	0	82	7.25	79	8
51	23	23	2	23	7.5	0.5	79	0	1	0	0	0	0	0	0	0	82	7.25	79	8
51	25	25	1	25	7.5	0.5	91	0	1	0	0	0	0	0	0	0	94	7.25	91	8
52	1	1	16	1	8	0.5	64	0	0	0	0	0	0	0	0	0	63	7.5	65	8.5
52	3	3	15	3	8	0.5	64	0	0	0	0	0	0	0	0	0	63	7.5	65	8.5
52	5	5	14	5	8	0.5	78	0	0	0	0	0	0	0	0	0	67	7.5	64	8.5
52	7	7	13	7	8	0.5	81	0	0	0	0	0	0	0	0	0	70	7.5	68	8.5
52	9	9	12	9	8	0.25	79	0	0	0	0	0	1	0	0	0	79	7.5	77	8.25
52	10	10	11	10	8	0.25	91	1	0	0	0	0	1	0	0	0	91	7.5	89	8.25
52	10	10	11	10	8	0.25	103	1	0	0	0	0	0	0	0	0	91	7.5	89	8.25
52	17	17	5	17	8	0.25	79	0	0	0	0	0	1	0	0	0	79	7.5	77	8.25
52	19	19	4	19	8	0.25	91	0	0	0	0	0	1	0	0	0	91	7.5	89	8.25
52	21	21	3	21	8	0.25	79	0	0	0	0	0	1	0	0	0	79	7.5	77	8.25
52	23	23	2	23	8	0.25	79	0	0	0	0	0	1	0	0	0	79	7.5	77	8.25
52	25	25	1	25	8	0.25	91	0	0	0	0	0	1	0	0	0	91	7.5	89	8.25
53	9	9	12	9	8.25	0.5	77	0	1	0	0	0	0	0	0	0	79	8	75	8.75
53	10	10	11	10	8.25	0.5	89	1	1	0	0	0	0	0	0	0	91	8	87	8.75
53	10	10	11	10	8.25	0.5	101	1	0	0	0	0	0	0	0	0	91	8	87	8.75
53	17	17	5	17	8.25	0.5	77	0	1	0	0	0	0	0	0	0	79	8	75	8.75
53	19	19	4	19	8.25	0.5	89	0	1	0	0	0	0	0	0	0	91	8	87	8.75
53	21	21	3	21	8.25	0.5	77	0	1	0	0	0	0	0	0	0	79	8	75	8.75
53	23	23	2	23	8.25	0.5	77	0	1	0	0	0	0	0	0	0	79	8	75	8.75
53	25	25	1	25	8.25	0.5	89	0	1	0	0	0	0	0	0	0	91	8	87	8.75
54	1	1	16	1	8.5	0.5	65	0	0	0	0	0	0	0	0	0	64	8	61	9
54	3	3	15	3	8.5	0.5	65	0	0	0	0	0	0	0	0	0	64	8	61	9
54	5	5	14	5	8.5	0.5	64	0	0	0	0	0	0	0	0	0	78	8	73	9
54	7	7	13	7	8.5	0.5	68	0	0	0	0	0	0	0	0	0	81	8	76	9
55	9	9	12	9	8.75	0.25	75	0	0	0	0	0	0	0	0	0	77	8.25	77	9
55	10	10	11	10	8.75	0.25	87	1	0	0	0	0	0	0	0	0	89	8.25	89	9
55	10	10	11	10	8.75	0.25	99	1	0	0	0	0	0	0	0	0	89	8.25	89	9
55	17	17	5	17	8.75	0.25	75	0	0	0	0	0	0	0	0	0	77	8.25	77	9
55	19	19	4	19	8.75	0.25	87	0	0	0	0	0	0	0	0	0	89	8.25	89	9
55	21	21	3	21	8.75	0.25	75	0	0	0	0	0	0	0	0	0	77	8.25	77	9
55	23	23	2	23	8.75	0.25	75	0	0	0	0	0	0	0	0	0	77	8.25	77	9
55	25	25	1	25	8.75	0.25	87	0	0	0	0	0	0	0	0	0	89	8.25	89	9
57	1	1	16	1	9	0.5	61	0	1	0	0	0	0	0	0	0	65	8.5	62	9.5
57	3	3	15	3	9	0.5	61	0	1	0	0	0	0	0	0	0	65	8.5	62	9.5
57	5	5	14	5	9	0.5	73	0	0	0	0	0	0	0	0	0	64	8.5	67	9.5
57	7	7	13	7	9	0.5	76	0	0	0	0	0	0	0	0	0	68	8.5	70	9.5
57	9	9	12	9	9	0.25	77	0	1	0	0	0	0	0	0	0	75	8.75	79	9.25
57	10	10	11	10	9	0.25	89	1	1	0	0	0	0	0	0	0	87	8.75	91	9.25
57	10	10	11	10	9	0.25	101	1	0	0	0	0	0	0	0	0	87	8.75	91	9.25
57	17	17	5	17	9	0.25	77	0	1	0	0	0	0	0	0	0	75	8.75	79	9.25
57	19	19	4	19	9	0.25	89	0	1	0	0	0	0	0	0	0	87	8.75	91	9.25
57	21	21	3	21	9	0.25	77	0	1	0	0	0	0	0	0	0	75	8.75	79	9.25
57	23	23	2	23	9	0.25	77	0	1	0	0	0	0	0	0	0	75	8.75	79	9.25
57	25	25	1	25	9	0.25	89	0	1	0	0	0	0	0	0	0	87	8.75	91	9.25
58	9	9	12	9	9.25	0.25	79	0	0	0	0	0	1	0	0	0	77	9	83	9.5
58	10	10	11	10	9.25	0.25	91	1	0	0	0	0	1	0	0	0	89	9	95	9.5
58	10	10	11	10	9.25	0.25	103	1	0	0	0	0	0	0	0	0	89	9	95	9.5
58	17	17	5	17	9.25	0.25	79	0	0	0	0	0	1	0	0	0	77	9	83	9.5
58	19	19	4	19	9.25	0.25	91	0	0	0	0	0	1	0	0	0	89	9	95	9.5
58	21	21	3	21	9.25	0.25	79	0	0	0	0	0	1	0	0	0	77	9	83	9.5
58	23	23	2	23	9.25	0.25	79	0	0	0	0	0	1	0	0	0	77	9	83	9.5
58	25	25	1	25	9.25	0.25	91	0	0	0	0	0	1	0	0	0	89	9	95	9.5
59	1	1	16	1	9.5	0.5	62	0	0	0	0	0	0	0	0	0	61	9	63	10
59	3	3	15	3	9.5	0.5	62	0	0	0	0	0	0	0	0	0	61	9	63	10
59	5	5	14	5	9.5	0.5	67	0	0	0	0	0	0	0	0	0	73	9	78	10
59	7	7	13	7	9.5	0.5	70	0	0	0	0	0	0	0	0	0	76	9	81	10
59	9	9	12	9	9.5	0.25	83	0	1	0	0	0	0	0	0	0	79	9.25	82	10
59	10	10	11	10	9.5	0.25	95	1	1	0	0	0	0	0	0	0	91	9.25	94	10
59	10	10	11	10	9.5	0.25	107	1	0	0	0	0	0	0	0	0	91	9.25	94	10
59	17	17	5	17	9.5	0.25	83	0	1	0	0	0	0	0	0	0	79	9.25	82	10
59	19	19	4	19	9.5	0.25	95	0	1	0	0	0	0	0	0	0	91	9.25	94	10
59	21	21	3	21	9.5	0.25	83	0	1	0	0	0	0	0	0	0	79	9.25	82	10
59	23	23	2	23	9.5	0.25	83	0	1	0	0	0	0	0	0	0	79	9.25	82	10
59	25	25	1	25	9.5	0.25	95	0	1	0	0	0	0	0	0	0	91	9.25	94	10
61	1	1	16	1	10	0.5	63	0	0	0	0	0	0	0	0	0	62	9.5	64	10.5
61	3	3	15	3	10	0.5	63	0	0	0	0	0	0	0	0	0	62	9.5	64	10.5
61	5	5	14	5	10	0.5	78	0	0	0	0	0	0	0	0	0	67	9.5	64	10.5
61	7	7	13	7	10	0.5	81	0	0	0	0	0	0	0	0	0	70	9.5	68	10.5
61	9	9	12	9	10	0.5	82	0	0	0	0	0	0	0	0	0	83	9.5	82	10.5
61	10	10	11	10	10	0.5	94	1	0	0	0	0	0	0	0	0	95	9.5	82	10.5
61	10	10	11	10	10	0.5	106	1	0	0	0	0	0	0	0	0	95	9.5	82	10.5
61	17	17	5	17	10	0.5	82	0	0	0	0	0	0	0	0	0	83	9.5	82	10.5
61	19	19	4	19	10	0.5	94	0	0	0	0	0	0	0	0	0	95	9.5	82	10.5
61	21	21	3	21	10	0.5	82	0	0	0	0	0	0	0	0	0	83	9.5	82	10.5
61	23	23	2	23	10	0.5	82	0	0	0	0	0	0	0	0	0	83	9.5	82	10.5
61	25	25	1	25	10	0.5	94	0	0	0	0	0	0	0	0	0	95	9.5	94	10.5
65	1	1	16	1	10.5	0.5	64	0	0	0	0	0	0	0	0	0	63	10	61	11
65	3	3	15	3	10.5	0.5	64	0	0	0	0	0	0	0	0	0	63	10	61	11
65	5	5	14	5	10.5	0.5	64	0	0	0	0	0	0	0	0	0	78	10	73	11
65	7	7	13	7	10.5	0.5	68	0	0	0	0	0	0	0	0	0	81	10	76	11
65	9	9	12	9	10.5	0.25	82	0	0	0	0	0	1	0	0	0	82	10	79	10.75
65	10	10	11	10	10.5	0.25	82	1	0	0	0	0	1	0	0	0	94	10	79	10.75
65	10	10	11	10	10.5	0.25	94	1	0	0	0	0	0	0	0	0	94	10	79	10.75
65	17	17	5	17	10.5	0.25	82	0	0	0	0	0	1	0	0	0	82	10	79	10.75
65	19	19	4	19	10.5	0.25	82	0	0	0	0	0	1	0	0	0	94	10	79	10.75
65	21	21	3	21	10.5	0.25	82	0	0	0	0	0	1	0	0	0	82	10	79	10.75
65	23	23	2	23	10.5	0.25	82	0	0	0	0	0	1	0	0	0	82	10	79	10.75
65	25	25	1	25	10.5	0.25	94	0	0	0	0	0	1	0	0	0	94	10	91	10.75
66	9	9	12	9	10.75	0.5	79	0	1	0	0	0	0	0	0	0	82	10.5	79	11.25
66	10	10	11	10	10.75	0.5	79	1	1	0	0	0	0	0	0	0	82	10.5	79	11.25
66	10	10	11	10	10.75	0.5	91	1	0	0	0	0	0	0	0	0	82	10.5	79	11.25
66	17	17	5	17	10.75	0.5	79	0	1	0	0	0	0	0	0	0	82	10.5	79	11.25
66	19	19	4	19	10.75	0.5	79	0	1	0	0	0	0	0	0	0	82	10.5	79	11.25
66	21	21	3	21	10.75	0.5	79	0	1	0	0	0	0	0	0	0	82	10.5	79	11.25
66	23	23	2	23	10.75	0.5	79	0	1	0	0	0	0	0	0	0	82	10.5	79	11.25
66	25	25	1	25	10.75	0.5	91	0	1	0	0	0	0	0	0	0	94	10.5	91	11.25
67	1	1	16	1	11	0.5	61	0	1	0	0	0	0	0	0	0	64	10.5	62	11.5
67	3	3	15	3	11	0.5	61	0	1	0	0	0	0	0	0	0	64	10.5	62	11.5
67	5	5	14	5	11	0.5	73	0	0	0	0	0	0	0	0	0	64	10.5	67	11.5
67	7	7	13	7	11	0.5	76	0	0	0	0	0	0	0	0	0	68	10.5	70	11.5
68	9	9	12	9	11.25	0.25	79	0	0	0	0	0	1	0	0	0	79	10.75	77	11.5
68	10	10	11	10	11.25	0.25	79	1	0	0	0	0	1	0	0	0	79	10.75	77	11.5
68	10	10	11	10	11.25	0.25	91	1	0	0	0	0	0	0	0	0	79	10.75	77	11.5
68	17	17	5	17	11.25	0.25	79	0	0	0	0	0	1	0	0	0	79	10.75	77	11.5
68	19	19	4	19	11.25	0.25	79	0	0	0	0	0	1	0	0	0	79	10.75	77	11.5
68	21	21	3	21	11.25	0.25	79	0	0	0	0	0	1	0	0	0	79	10.75	77	11.5
68	23	23	2	23	11.25	0.25	79	0	0	0	0	0	1	0	0	0	79	10.75	77	11.5
68	25	25	1	25	11.25	0.25	91	0	0	0	0	0	1	0	0	0	91	10.75	89	11.5
69	1	1	16	1	11.5	0.5	62	0	0	0	0	0	0	0	0	0	61	11	63	12
69	3	3	15	3	11.5	0.5	62	0	0	0	0	0	0	0	0	0	61	11	63	12
69	5	5	14	5	11.5	0.5	67	0	0	0	0	0	0	0	0	0	73	11	78	12
69	7	7	13	7	11.5	0.5	70	0	0	0	0	0	0	0	0	0	76	11	81	12
69	9	9	12	9	11.5	0.5	77	0	1	0	0	0	0	0	0	0	79	11.25	75	12
69	10	10	11	10	11.5	0.5	77	1	1	0	0	0	0	0	0	0	79	11.25	75	12
69	10	10	11	10	11.5	0.5	89	1	0	0	0	0	0	0	0	0	79	11.25	75	12
69	17	17	5	17	11.5	0.5	77	0	1	0	0	0	0	0	0	0	79	11.25	75	12
69	19	19	4	19	11.5	0.5	77	0	1	0	0	0	0	0	0	0	79	11.25	75	12
69	21	21	3	21	11.5	0.5	77	0	1	0	0	0	0	0	0	0	79	11.25	75	12
69	23	23	2	23	11.5	0.5	77	0	1	0	0	0	0	0	0	0	79	11.25	75	12
69	25	25	1	25	11.5	0.5	89	0	1	0	0	0	0	0	0	0	91	11.25	87	12
70	1	1	16	1	12	0.5	63	0	0	0	0	0	0	0	0	0	62	11.5	64	12.5
70	3	3	15	3	12	0.5	63	0	0	0	0	0	0	0	0	0	62	11.5	64	12.5
70	5	5	14	5	12	0.5	78	0	0	0	0	0	0	0	0	0	67	11.5	64	12.5
70	7	7	13	7	12	0.5	81	0	0	0	0	0	0	0	0	0	70	11.5	68	12.5
70	9	9	12	9	12	0.25	75	0	0	0	0	0	0	0	0	0	77	11.5	77	12.25
70	10	10	11	10	12	0.25	75	1	0	0	0	0	0	0	0	0	77	11.5	77	12.25
70	10	10	11	10	12	0.25	87	1	0	0	0	0	0	0	0	0	77	11.5	77	12.25
70	17	17	5	17	12	0.25	75	0	0	0	0	0	0	0	0	0	77	11.5	77	12.25
70	19	19	4	19	12	0.25	75	0	0	0	0	0	0	0	0	0	77	11.5	77	12.25
70	21	21	3	21	12	0.25	75	0	0	0	0	0	0	0	0	0	77	11.5	77	12.25
70	23	23	2	23	12	0.25	75	0	0	0	0	0	0	0	0	0	77	11.5	77	12.25
70	25	25	1	25	12	0.25	87	0	0	0	0	0	0	0	0	0	89	11.5	89	12.25
71	9	9	12	9	12.25	0.25	77	0	0	0	0	1	0	0	0	0	75	12	79	12.5
71	10	10	11	10	12.25	0.25	77	1	0	0	0	1	0	0	0	0	75	12	79	12.5
71	10	10	11	10	12.25	0.25	89	1	0	0	0	0	0	0	0	0	75	12	79	12.5
71	17	17	5	17	12.25	0.25	77	0	0	0	0	1	0	0	0	0	75	12	79	12.5
71	19	19	4	19	12.25	0.25	77	0	0	0	0	1	0	0	0	0	75	12	79	12.5
71	21	21	3	21	12.25	0.25	77	0	0	0	0	1	0	0	0	0	75	12	79	12.5
71	23	23	2	23	12.25	0.25	77	0	0	0	0	1	0	0	0	0	75	12	79	12.5
71	25	25	1	25	12.25	0.25	89	0	0	0	0	1	0	0	0	0	87	12	91	12.5
72	1	1	16	1	12.5	0.5	64	0	0	0	0	0	0	0	0	0	63	12	0	0
72	3	3	15	3	12.5	0.5	64	0	0	0	0	0	0	0	0	0	63	12	0	0
72	5	5	14	5	12.5	0.5	64	0	0	0	0	0	0	0	0	0	78	12	0	0
72	7	7	13	7	12.5	0.5	68	0	0	0	0	0	0	0	0	0	81	12	0	0
72	9	9	12	9	12.5	0.25	79	0	0	0	0	0	1	0	0	0	77	12.25	75	12.75
72	10	10	11	10	12.5	0.25	79	1	0	0	0	0	1	0	0	0	77	12.25	75	12.75
72	10	10	11	10	12.5	0.25	91	1	0	0	0	0	0	0	0	0	77	12.25	75	12.75
72	17	17	5	17	12.5	0.25	79	0	0	0	0	0	1	0	0	0	77	12.25	75	12.75
72	19	19	4	19	12.5	0.25	79	0	0	0	0	0	1	0	0	0	77	12.25	75	12.75
72	21	21	3	21	12.5	0.25	79	0	0	0	0	0	1	0	0	0	77	12.25	75	12.75
72	23	23	2	23	12.5	0.25	79	0	0	0	0	0	1	0	0	0	77	12.25	75	12.75
72	25	25	1	25	12.5	0.25	91	0	0	0	0	0	1	0	0	0	89	12.25	87	12.75
73	9	9	12	9	12.75	0.25	75	0	0	0	0	1	0	0	0	0	79	12.5	0	0
73	10	10	11	10	12.75	0.25	75	1	0	0	0	1	0	0	0	0	79	12.5	0	0
73	10	10	11	10	12.75	0.25	87	1	0	0	0	0	0	0	0	0	79	12.5	0	0
73	17	17	5	17	12.75	0.25	75	0	0	0	0	1	0	0	0	0	79	12.5	0	0
73	19	19	4	19	12.75	0.25	75	0	0	0	0	1	0	0	0	0	79	12.5	0	0
73	21	21	3	21	12.75	0.25	75	0	0	0	0	1	0	0	0	0	79	12.5	0	0
73	23	23	2	23	12.75	0.25	75	0	0	0	0	1	0	0	0	0	79	12.5	0	0
73	25	25	1	25	12.75	0.25	87	0	0	0	0	1	0	0	0	0	91	12.5	0	0
*-	*-	*-	*-	*-	*-	*-	*-	*-	*-	*-	*-	*-	*-	*-	*-	*-	*-	*-	*-	*-
