**line	**field	**track	**staff	**subtrack	**start	**dur	**pitch	**chord	**accent	**marcato	**sforzando	**tenuto	**staccato	**trill	**slur_start	**slur_end	**ppitch	**pstart	**npitch	**nstart
18	2	2	18	2	0	0.5	60	0	0	0	0	0	0	0	0	0	0	-1	60	0.5
18	3	3	17	3	0	0.5	62	1	0	0	0	0	0	0	0	0	0	-1	62	0.5
18	3	3	17	3	0	0.5	65	1	0	0	0	0	0	0	0	0	0	-1	62	0.5
18	4	4	16	4	0	1.5	89	0	0	0	0	0	0	0	0	0	0	-1	93	1.5
18	6	6	15	6	0	1.5	89	0	0	0	0	0	0	0	0	0	0	-1	93	1.5
18	8	8	14	8	0	0.5	60	1	0	0	0	0	0	0	0	0	0	-1	60	0.5
18	8	8	14	8	0	0.5	62	1	0	0	0	0	0	0	0	0	0	-1	60	0.5
18	8	8	14	8	0	0.5	65	1	0	0	0	0	0	0	0	0	0	-1	60	0.5
18	9	9	13	9	0	0.5	70	1	0	0	0	0	0	0	0	0	0	-1	70	0.5
18	9	9	13	9	0	0.5	74	1	0	0	0	0	0	0	0	0	0	-1	70	0.5
18	10	10	12	10	0	0.5	-13988	0	0	0	0	0	0	0	0	0	0	-1	-13988	0.5
18	12	12	11	12	0	1.5	60	0	0	0	0	0	0	0	0	0	0	-1	60	1.5
18	14	14	10	14	0	1.5	72	0	0	0	0	0	0	0	0	0	0	-1	72	1.5
18	15	15	9	15	0	1.5	77	0	0	0	0	0	0	0	0	0	0	-1	81	1.5
18	17	17	8	17	0	1	76	0	0	0	0	0	0	0	0	0	0	-1	72	1
18	19	19	7	19	0	0.5	60	1	0	0	0	0	0	0	0	0	0	-1	60	0.5
18	19	19	7	19	0	0.5	65	1	0	0	0	0	0	0	0	0	0	-1	60	0.5
18	21	21	6	21	0	0.5	70	0	0	0	0	0	0	0	0	0	0	-1	70	0.5
18	23	23	5	23	0	0.5	60	0	0	0	0	0	0	0	0	0	0	-1	60	0.5
18	25	25	4	25	0	0.5	62	0	0	0	0	0	0	0	0	0	0	-1	62	0.5
18	29	29	2	29	0	0.5	70	1	0	0	0	0	0	0	0	0	0	-1	70	0.5
18	29	29	2	29	0	0.5	74	1	0	0	0	0	0	0	0	0	0	-1	70	0.5
18	31	31	1	31	0	1	100	0	0	0	0	0	0	0	0	0	0	-1	96	1
19	2	2	18	2	0.5	0.5	60	0	0	0	0	0	0	0	0	0	60	0	60	1
19	3	3	17	3	0.5	0.5	62	1	0	0	0	0	0	0	0	0	62	0	62	1
19	3	3	17	3	0.5	0.5	65	1	0	0	0	0	0	0	0	0	62	0	62	1
19	8	8	14	8	0.5	0.5	60	1	0	0	0	0	0	0	0	0	60	0	60	1
19	8	8	14	8	0.5	0.5	62	1	0	0	0	0	0	0	0	0	60	0	60	1
19	8	8	14	8	0.5	0.5	65	1	0	0	0	0	0	0	0	0	60	0	60	1
19	9	9	13	9	0.5	0.5	70	1	0	0	0	0	0	0	0	0	70	0	70	1
19	9	9	13	9	0.5	0.5	74	1	0	0	0	0	0	0	0	0	70	0	70	1
19	10	10	12	10	0.5	0.5	-13988	0	0	0	0	0	0	0	0	0	-13988	0	-13988	1
19	19	19	7	19	0.5	0.5	60	1	0	0	0	0	0	0	0	0	60	0	60	1
19	19	19	7	19	0.5	0.5	65	1	0	0	0	0	0	0	0	0	60	0	60	1
19	21	21	6	21	0.5	0.5	70	0	0	0	0	0	0	0	0	0	70	0	70	1
19	23	23	5	23	0.5	0.5	60	0	0	0	0	0	0	0	0	0	60	0	60	1
19	25	25	4	25	0.5	0.5	62	0	0	0	0	0	0	0	0	0	62	0	62	1
19	29	29	2	29	0.5	0.5	70	1	0	0	0	0	0	0	0	0	70	0	70	1
19	29	29	2	29	0.5	0.5	74	1	0	0	0	0	0	0	0	0	70	0	70	1
20	2	2	18	2	1	0.5	60	0	0	0	0	0	0	0	0	0	60	0.5	60	1.5
20	3	3	17	3	1	0.5	62	1	0	0	0	0	0	0	0	0	62	0.5	62	1.5
20	3	3	17	3	1	0.5	65	1	0	0	0	0	0	0	0	0	62	0.5	62	1.5
20	8	8	14	8	1	0.5	60	1	0	0	0	0	0	0	0	0	60	0.5	60	1.5
20	8	8	14	8	1	0.5	62	1	0	0	0	0	0	0	0	0	60	0.5	60	1.5
20	8	8	14	8	1	0.5	65	1	0	0	0	0	0	0	0	0	60	0.5	60	1.5
20	9	9	13	9	1	0.5	70	1	0	0	0	0	0	0	0	0	70	0.5	70	1.5
20	9	9	13	9	1	0.5	74	1	0	0	0	0	0	0	0	0	70	0.5	70	1.5
20	10	10	12	10	1	0.5	-13988	0	0	0	0	0	0	0	0	0	-13988	0.5	-13988	1.5
20	17	17	8	17	1	1	72	0	0	0	0	0	0	0	0	0	76	0	70	2
20	19	19	7	19	1	0.5	60	1	0	0	0	0	0	0	0	0	60	0.5	60	1.5
20	19	19	7	19	1	0.5	65	1	0	0	0	0	0	0	0	0	60	0.5	60	1.5
20	21	21	6	21	1	0.5	70	0	0	0	0	0	0	0	0	0	70	0.5	70	1.5
20	23	23	5	23	1	0.5	60	0	0	0	0	0	0	0	0	0	60	0.5	60	1.5
20	25	25	4	25	1	0.5	62	0	0	0	0	0	0	0	0	0	62	0.5	62	1.5
20	29	29	2	29	1	0.5	70	1	0	0	0	0	0	0	0	0	70	0.5	70	1.5
20	29	29	2	29	1	0.5	74	1	0	0	0	0	0	0	0	0	70	0.5	70	1.5
20	31	31	1	31	1	1	96	0	0	0	0	0	0	0	0	0	100	0	94	2
21	2	2	18	2	1.5	0.5	60	0	0	0	0	0	0	0	0	0	60	1	60	2
21	3	3	17	3	1.5	0.5	62	1	0	0	0	0	0	0	0	0	62	1	62	2
21	3	3	17	3	1.5	0.5	65	1	0	0	0	0	0	0	0	0	62	1	62	2
21	4	4	16	4	1.5	0.5	93	0	0	0	0	0	0	0	0	0	89	0	91	2
21	6	6	15	6	1.5	0.5	93	0	0	0	0	0	0	0	0	0	89	0	91	2
21	8	8	14	8	1.5	0.5	60	1	0	0	0	0	0	0	0	0	60	1	60	2
21	8	8	14	8	1.5	0.5	62	1	0	0	0	0	0	0	0	0	60	1	60	2
21	8	8	14	8	1.5	0.5	65	1	0	0	0	0	0	0	0	0	60	1	60	2
21	9	9	13	9	1.5	0.5	70	1	0	0	0	0	0	0	0	0	70	1	70	2
21	9	9	13	9	1.5	0.5	74	1	0	0	0	0	0	0	0	0	70	1	70	2
21	10	10	12	10	1.5	0.5	-13988	0	0	0	0	0	0	0	0	0	-13988	1	-13988	2
21	12	12	11	12	1.5	0.5	60	0	0	0	0	0	0	0	0	0	60	0	58	2
21	14	14	10	14	1.5	0.5	72	0	0	0	0	0	0	0	0	0	72	0	70	2
21	15	15	9	15	1.5	0.5	81	0	0	0	0	0	0	0	0	0	77	0	79	2
21	19	19	7	19	1.5	0.5	60	1	0	0	0	0	0	0	0	0	60	1	60	2
21	19	19	7	19	1.5	0.5	65	1	0	0	0	0	0	0	0	0	60	1	60	2
21	21	21	6	21	1.5	0.5	70	0	0	0	0	0	0	0	0	0	70	1	70	2
21	23	23	5	23	1.5	0.5	60	0	0	0	0	0	0	0	0	0	60	1	60	2
21	25	25	4	25	1.5	0.5	62	0	0	0	0	0	0	0	0	0	62	1	62	2
21	29	29	2	29	1.5	0.5	70	1	0	0	0	0	0	0	0	0	70	1	70	2
21	29	29	2	29	1.5	0.5	74	1	0	0	0	0	0	0	0	0	70	1	70	2
22	2	2	18	2	2	0.5	60	0	0	0	0	0	0	0	0	0	60	1.5	60	2.5
22	3	3	17	3	2	0.5	62	1	0	0	0	0	0	0	0	0	62	1.5	62	2.5
22	3	3	17	3	2	0.5	65	1	0	0	0	0	0	0	0	0	62	1.5	62	2.5
22	4	4	16	4	2	1.5	91	0	0	0	0	0	0	0	0	0	93	1.5	72	3.5
22	6	6	15	6	2	1.5	91	0	0	0	0	0	0	0	0	0	93	1.5	72	3.5
22	8	8	14	8	2	0.5	60	1	0	0	0	0	0	0	0	0	60	1.5	60	2.5
22	8	8	14	8	2	0.5	62	1	0	0	0	0	0	0	0	0	60	1.5	60	2.5
22	8	8	14	8	2	0.5	65	1	0	0	0	0	0	0	0	0	60	1.5	60	2.5
22	9	9	13	9	2	0.5	70	1	0	0	0	0	0	0	0	0	70	1.5	70	2.5
22	9	9	13	9	2	0.5	74	1	0	0	0	0	0	0	0	0	70	1.5	70	2.5
22	10	10	12	10	2	0.5	-13988	0	0	0	0	0	0	0	0	0	-13988	1.5	-13988	2.5
22	12	12	11	12	2	1	58	0	0	0	0	0	0	0	0	0	60	1.5	55	3
22	14	14	10	14	2	1.5	70	0	0	0	0	0	0	0	0	0	72	1.5	67	3.5
22	15	15	9	15	2	1.5	79	0	0	0	0	0	0	0	0	0	81	1.5	60	3.5
22	17	17	8	17	2	1	70	0	0	0	0	0	0	0	0	0	72	1	74	3
22	19	19	7	19	2	0.5	60	1	0	0	0	0	0	0	0	0	60	1.5	60	2.5
22	19	19	7	19	2	0.5	65	1	0	0	0	0	0	0	0	0	60	1.5	60	2.5
22	21	21	6	21	2	0.5	70	0	0	0	0	0	0	0	0	0	70	1.5	70	2.5
22	23	23	5	23	2	0.5	60	0	0	0	0	0	0	0	0	0	60	1.5	60	2.5
22	25	25	4	25	2	0.5	62	0	0	0	0	0	0	0	0	0	62	1.5	62	2.5
22	29	29	2	29	2	0.5	70	1	0	0	0	0	0	0	0	0	70	1.5	70	2.5
22	29	29	2	29	2	0.5	74	1	0	0	0	0	0	0	0	0	70	1.5	70	2.5
22	31	31	1	31	2	1	94	0	0	0	0	0	0	0	0	0	96	1	98	3
23	2	2	18	2	2.5	0.5	60	0	0	0	0	0	0	0	0	0	60	2	60	3
23	3	3	17	3	2.5	0.5	62	1	0	0	0	0	0	0	0	0	62	2	62	3
23	3	3	17	3	2.5	0.5	65	1	0	0	0	0	0	0	0	0	62	2	62	3
23	8	8	14	8	2.5	0.5	60	1	0	0	0	0	0	0	0	0	60	2	60	3
23	8	8	14	8	2.5	0.5	62	1	0	0	0	0	0	0	0	0	60	2	60	3
23	8	8	14	8	2.5	0.5	65	1	0	0	0	0	0	0	0	0	60	2	60	3
23	9	9	13	9	2.5	0.5	70	1	0	0	0	0	0	0	0	0	70	2	70	3
23	9	9	13	9	2.5	0.5	74	1	0	0	0	0	0	0	0	0	70	2	70	3
23	10	10	12	10	2.5	0.5	-13988	0	0	0	0	0	0	0	0	0	-13988	2	-13988	3
23	19	19	7	19	2.5	0.5	60	1	0	0	0	0	0	0	0	0	60	2	60	3
23	19	19	7	19	2.5	0.5	65	1	0	0	0	0	0	0	0	0	60	2	60	3
23	21	21	6	21	2.5	0.5	70	0	0	0	0	0	0	0	0	0	70	2	70	3
23	23	23	5	23	2.5	0.5	60	0	0	0	0	0	0	0	0	0	60	2	60	3
23	25	25	4	25	2.5	0.5	62	0	0	0	0	0	0	0	0	0	62	2	62	3
23	29	29	2	29	2.5	0.5	70	1	0	0	0	0	0	0	0	0	70	2	70	3
23	29	29	2	29	2.5	0.5	74	1	0	0	0	0	0	0	0	0	70	2	70	3
24	2	2	18	2	3	0.5	60	0	0	0	0	0	0	0	0	0	60	2.5	60	3.5
24	3	3	17	3	3	0.5	62	1	0	0	0	0	0	0	0	0	62	2.5	62	3.5
24	3	3	17	3	3	0.5	65	1	0	0	0	0	0	0	0	0	62	2.5	62	3.5
24	8	8	14	8	3	0.5	60	1	0	0	0	0	0	0	0	0	60	2.5	60	3.5
24	8	8	14	8	3	0.5	62	1	0	0	0	0	0	0	0	0	60	2.5	60	3.5
24	8	8	14	8	3	0.5	65	1	0	0	0	0	0	0	0	0	60	2.5	60	3.5
24	9	9	13	9	3	0.5	70	1	0	0	0	0	0	0	0	0	70	2.5	70	3.5
24	9	9	13	9	3	0.5	74	1	0	0	0	0	0	0	0	0	70	2.5	70	3.5
24	10	10	12	10	3	0.5	-13988	0	0	0	0	0	0	0	0	0	-13988	2.5	-13988	3.5
24	12	12	11	12	3	1	55	0	0	0	0	0	0	0	0	0	58	2	53	4
24	17	17	8	17	3	1	74	0	0	0	0	0	0	0	0	0	70	2	72	4
24	19	19	7	19	3	0.5	60	1	0	0	0	0	0	0	0	0	60	2.5	60	3.5
24	19	19	7	19	3	0.5	65	1	0	0	0	0	0	0	0	0	60	2.5	60	3.5
24	21	21	6	21	3	0.5	70	0	0	0	0	0	0	0	0	0	70	2.5	70	3.5
24	23	23	5	23	3	0.5	60	0	0	0	0	0	0	0	0	0	60	2.5	60	3.5
24	25	25	4	25	3	0.5	62	0	0	0	0	0	0	0	0	0	62	2.5	62	3.5
24	29	29	2	29	3	0.5	70	1	0	0	0	0	0	0	0	0	70	2.5	70	3.5
24	29	29	2	29	3	0.5	74	1	0	0	0	0	0	0	0	0	70	2.5	70	3.5
24	31	31	1	31	3	1	98	0	0	0	0	0	0	0	0	0	94	2	96	4
25	2	2	18	2	3.5	0.5	60	0	0	0	0	0	0	0	0	0	60	3	60	4
25	3	3	17	3	3.5	0.5	62	1	0	0	0	0	0	0	0	0	62	3	62	4
25	3	3	17	3	3.5	0.5	65	1	0	0	0	0	0	0	0	0	62	3	62	4
25	4	4	16	4	3.5	0.5	72	1	0	0	0	0	0	0	0	0	91	2	84	4
25	4	4	16	4	3.5	0.5	84	1	0	0	0	0	0	0	0	0	91	2	84	4
25	6	6	15	6	3.5	0.5	72	1	0	0	0	0	0	0	0	0	91	2	84	4
25	6	6	15	6	3.5	0.5	84	1	0	0	0	0	0	0	0	0	91	2	84	4
25	8	8	14	8	3.5	0.5	60	1	0	0	0	0	0	0	0	0	60	3	60	4
25	8	8	14	8	3.5	0.5	62	1	0	0	0	0	0	0	0	0	60	3	60	4
25	8	8	14	8	3.5	0.5	65	1	0	0	0	0	0	0	0	0	60	3	60	4
25	9	9	13	9	3.5	0.5	70	1	0	0	0	0	0	0	0	0	70	3	70	4
25	9	9	13	9	3.5	0.5	74	1	0	0	0	0	0	0	0	0	70	3	70	4
25	10	10	12	10	3.5	0.5	-13988	0	0	0	0	0	0	0	0	0	-13988	3	-13988	4
25	14	14	10	14	3.5	0.5	67	0	0	0	0	0	0	0	0	0	70	2	65	4
25	15	15	9	15	3.5	0.5	60	0	0	0	0	0	0	0	0	0	79	2	72	4
25	19	19	7	19	3.5	0.5	60	1	0	0	0	0	0	0	0	0	60	3	60	4
25	19	19	7	19	3.5	0.5	65	1	0	0	0	0	0	0	0	0	60	3	60	4
25	21	21	6	21	3.5	0.5	70	0	0	0	0	0	0	0	0	0	70	3	74	4
25	23	23	5	23	3.5	0.5	60	0	0	0	0	0	0	0	0	0	60	3	60	4
25	25	25	4	25	3.5	0.5	62	0	0	0	0	0	0	0	0	0	62	3	62	4
25	29	29	2	29	3.5	0.5	70	1	0	0	0	0	0	0	0	0	70	3	70	4
25	29	29	2	29	3.5	0.5	74	1	0	0	0	0	0	0	0	0	70	3	70	4
28	2	2	18	2	4	0.5	60	0	0	0	0	0	0	0	0	0	60	3.5	60	4.5
28	3	3	17	3	4	0.5	62	1	0	0	0	0	0	0	0	0	62	3.5	62	4.5
28	3	3	17	3	4	0.5	65	1	0	0	0	0	0	0	0	0	62	3.5	62	4.5
28	4	4	16	4	4	1.33333	84	1	0	0	0	0	0	0	0	0	72	3.5	84	5.33333
28	4	4	16	4	4	1.33333	96	1	0	0	0	0	0	0	0	0	72	3.5	84	5.33333
28	6	6	15	6	4	1.33333	84	1	0	0	0	0	0	0	0	0	72	3.5	84	5.33333
28	6	6	15	6	4	1.33333	96	1	0	0	0	0	0	0	0	0	72	3.5	84	5.33333
28	8	8	14	8	4	0.5	60	1	0	0	0	0	0	0	0	0	60	3.5	60	4.5
28	8	8	14	8	4	0.5	62	1	0	0	0	0	0	0	0	0	60	3.5	60	4.5
28	8	8	14	8	4	0.5	65	1	0	0	0	0	0	0	0	0	60	3.5	60	4.5
28	9	9	13	9	4	0.5	70	1	0	0	0	0	0	0	0	0	70	3.5	70	4.5
28	9	9	13	9	4	0.5	74	1	0	0	0	0	0	0	0	0	70	3.5	70	4.5
28	9	9	13	9	4	0.5	77	1	0	0	0	0	0	0	0	0	70	3.5	70	4.5
28	10	10	12	10	4	0.5	-13988	0	0	0	0	0	0	0	0	0	-13988	3.5	-13988	4.5
28	12	12	11	12	4	1.5	53	0	0	0	0	0	0	0	0	0	55	3	50	5.5
28	14	14	10	14	4	1.5	65	0	0	0	0	0	0	0	0	0	67	3.5	57	5.5
28	15	15	9	15	4	1.33333	72	0	0	0	0	0	0	0	0	0	60	3.5	72	5.33333
28	17	17	8	17	4	1.33333	72	0	0	0	0	0	0	0	0	0	74	3	72	5.33333
28	19	19	7	19	4	0.5	60	1	0	0	0	0	0	0	0	0	60	3.5	60	4.5
28	19	19	7	19	4	0.5	65	1	0	0	0	0	0	0	0	0	60	3.5	60	4.5
28	21	21	6	21	4	0.5	74	0	0	0	0	0	0	0	0	0	70	3.5	74	4.5
28	23	23	5	23	4	0.5	60	0	0	0	0	0	0	0	0	0	60	3.5	60	4.5
28	25	25	4	25	4	0.5	62	0	0	0	0	0	0	0	0	0	62	3.5	62	4.5
28	27	27	3	27	4	0.5	70	1	0	0	0	0	0	0	0	0	0	-1	70	4.5
28	27	27	3	27	4	0.5	77	1	0	0	0	0	0	0	0	0	0	-1	70	4.5
28	29	29	2	29	4	0.5	70	1	0	0	0	0	0	0	0	0	70	3.5	70	4.5
28	29	29	2	29	4	0.5	74	1	0	0	0	0	0	0	0	0	70	3.5	70	4.5
28	31	31	1	31	4	1.33333	96	0	0	0	0	0	0	0	0	0	98	3	96	5.33333
29	2	2	18	2	4.5	0.5	60	0	0	0	0	0	0	0	0	0	60	4	60	5
29	3	3	17	3	4.5	0.5	62	1	0	0	0	0	0	0	0	0	62	4	62	5
29	3	3	17	3	4.5	0.5	65	1	0	0	0	0	0	0	0	0	62	4	62	5
29	8	8	14	8	4.5	0.5	60	1	0	0	0	0	0	0	0	0	60	4	60	5
29	8	8	14	8	4.5	0.5	62	1	0	0	0	0	0	0	0	0	60	4	60	5
29	8	8	14	8	4.5	0.5	65	1	0	0	0	0	0	0	0	0	60	4	60	5
29	9	9	13	9	4.5	0.5	70	1	0	0	0	0	0	0	0	0	70	4	70	5
29	9	9	13	9	4.5	0.5	74	1	0	0	0	0	0	0	0	0	70	4	70	5
29	9	9	13	9	4.5	0.5	77	1	0	0	0	0	0	0	0	0	70	4	70	5
29	10	10	12	10	4.5	0.5	-13988	0	0	0	0	0	0	0	0	0	-13988	4	-13988	5
29	19	19	7	19	4.5	0.5	60	1	0	0	0	0	0	0	0	0	60	4	60	5
29	19	19	7	19	4.5	0.5	65	1	0	0	0	0	0	0	0	0	60	4	60	5
29	21	21	6	21	4.5	0.5	74	0	0	0	0	0	0	0	0	0	74	4	74	5
29	23	23	5	23	4.5	0.5	60	0	0	0	0	0	0	0	0	0	60	4	60	5
29	25	25	4	25	4.5	0.5	62	0	0	0	0	0	0	0	0	0	62	4	62	5
29	27	27	3	27	4.5	0.5	70	1	0	0	0	0	0	0	0	0	70	4	70	5
29	27	27	3	27	4.5	0.5	77	1	0	0	0	0	0	0	0	0	70	4	70	5
29	29	29	2	29	4.5	0.5	70	1	0	0	0	0	0	0	0	0	70	4	70	5
29	29	29	2	29	4.5	0.5	74	1	0	0	0	0	0	0	0	0	70	4	70	5
30	2	2	18	2	5	0.5	60	0	0	0	0	0	0	0	0	0	60	4.5	60	5.5
30	3	3	17	3	5	0.5	62	1	0	0	0	0	0	0	0	0	62	4.5	62	5.5
30	3	3	17	3	5	0.5	65	1	0	0	0	0	0	0	0	0	62	4.5	62	5.5
30	8	8	14	8	5	0.5	60	1	0	0	0	0	0	0	0	0	60	4.5	60	5.5
30	8	8	14	8	5	0.5	62	1	0	0	0	0	0	0	0	0	60	4.5	60	5.5
30	8	8	14	8	5	0.5	65	1	0	0	0	0	0	0	0	0	60	4.5	60	5.5
30	9	9	13	9	5	0.5	70	1	0	0	0	0	0	0	0	0	70	4.5	70	5.5
30	9	9	13	9	5	0.5	74	1	0	0	0	0	0	0	0	0	70	4.5	70	5.5
30	9	9	13	9	5	0.5	77	1	0	0	0	0	0	0	0	0	70	4.5	70	5.5
30	10	10	12	10	5	0.5	-13988	0	0	0	0	0	0	0	0	0	-13988	4.5	-13988	5.5
30	19	19	7	19	5	0.5	60	1	0	0	0	0	0	0	0	0	60	4.5	60	5.5
30	19	19	7	19	5	0.5	65	1	0	0	0	0	0	0	0	0	60	4.5	60	5.5
30	21	21	6	21	5	0.5	74	0	0	0	0	0	0	0	0	0	74	4.5	74	5.5
30	23	23	5	23	5	0.5	60	0	0	0	0	0	0	0	0	0	60	4.5	60	5.5
30	25	25	4	25	5	0.5	62	0	0	0	0	0	0	0	0	0	62	4.5	62	5.5
30	27	27	3	27	5	0.5	70	1	0	0	0	0	0	0	0	0	70	4.5	70	5.5
30	27	27	3	27	5	0.5	77	1	0	0	0	0	0	0	0	0	70	4.5	70	5.5
30	29	29	2	29	5	0.5	70	1	0	0	0	0	0	0	0	0	70	4.5	70	5.5
30	29	29	2	29	5	0.5	74	1	0	0	0	0	0	0	0	0	70	4.5	70	5.5
31	4	4	16	4	5.33333	0.666667	84	1	0	0	0	0	0	0	0	0	84	4	82	6
31	4	4	16	4	5.33333	0.666667	96	1	0	0	0	0	0	0	0	0	84	4	82	6
31	6	6	15	6	5.33333	0.666667	84	1	0	0	0	0	0	0	0	0	84	4	82	6
31	6	6	15	6	5.33333	0.666667	96	1	0	0	0	0	0	0	0	0	84	4	82	6
31	15	15	9	15	5.33333	0.666667	72	0	0	0	0	0	0	0	0	0	72	4	70	6
31	17	17	8	17	5.33333	0.666667	72	0	0	0	0	0	0	0	0	0	72	4	82	6
31	31	31	1	31	5.33333	0.666667	96	0	0	0	0	0	0	0	0	0	96	4	94	6
33	2	2	18	2	5.5	0.5	60	0	0	0	0	0	0	0	0	0	60	5	60	6
33	3	3	17	3	5.5	0.5	62	1	0	0	0	0	0	0	0	0	62	5	62	6
33	3	3	17	3	5.5	0.5	65	1	0	0	0	0	0	0	0	0	62	5	62	6
33	8	8	14	8	5.5	0.5	60	1	0	0	0	0	0	0	0	0	60	5	60	6
33	8	8	14	8	5.5	0.5	62	1	0	0	0	0	0	0	0	0	60	5	60	6
33	8	8	14	8	5.5	0.5	65	1	0	0	0	0	0	0	0	0	60	5	60	6
33	9	9	13	9	5.5	0.5	70	1	0	0	0	0	0	0	0	0	70	5	70	6
33	9	9	13	9	5.5	0.5	74	1	0	0	0	0	0	0	0	0	70	5	70	6
33	9	9	13	9	5.5	0.5	77	1	0	0	0	0	0	0	0	0	70	5	70	6
33	10	10	12	10	5.5	0.5	-13988	0	0	0	0	0	0	0	0	0	-13988	5	-13988	6
33	12	12	11	12	5.5	0.5	50	0	0	0	0	0	0	0	0	0	53	4	48	6
33	14	14	10	14	5.5	0.5	57	0	0	0	0	0	0	0	0	0	65	4	55	6
33	19	19	7	19	5.5	0.5	60	1	0	0	0	0	0	0	0	0	60	5	60	6
33	19	19	7	19	5.5	0.5	65	1	0	0	0	0	0	0	0	0	60	5	60	6
33	21	21	6	21	5.5	0.5	74	0	0	0	0	0	0	0	0	0	74	5	74	6
33	23	23	5	23	5.5	0.5	60	0	0	0	0	0	0	0	0	0	60	5	60	6
33	25	25	4	25	5.5	0.5	62	0	0	0	0	0	0	0	0	0	62	5	62	6
33	27	27	3	27	5.5	0.5	70	1	0	0	0	0	0	0	0	0	70	5	70	6
33	27	27	3	27	5.5	0.5	77	1	0	0	0	0	0	0	0	0	70	5	70	6
33	29	29	2	29	5.5	0.5	70	1	0	0	0	0	0	0	0	0	70	5	70	6
33	29	29	2	29	5.5	0.5	74	1	0	0	0	0	0	0	0	0	70	5	70	6
34	2	2	18	2	6	0.5	60	0	0	0	0	0	0	0	0	0	60	5.5	60	6.5
34	3	3	17	3	6	0.5	62	1	0	0	0	0	0	0	0	0	62	5.5	62	6.5
34	3	3	17	3	6	0.5	65	1	0	0	0	0	0	0	0	0	62	5.5	62	6.5
34	4	4	16	4	6	1.33333	82	1	0	0	0	0	0	0	0	0	84	5.33333	79	7.33333
34	4	4	16	4	6	1.33333	94	1	0	0	0	0	0	0	0	0	84	5.33333	79	7.33333
34	6	6	15	6	6	1.33333	82	1	0	0	0	0	0	0	0	0	84	5.33333	79	7.33333
34	6	6	15	6	6	1.33333	94	1	0	0	0	0	0	0	0	0	84	5.33333	79	7.33333
34	8	8	14	8	6	0.5	60	1	0	0	0	0	0	0	0	0	60	5.5	60	6.5
34	8	8	14	8	6	0.5	62	1	0	0	0	0	0	0	0	0	60	5.5	60	6.5
34	8	8	14	8	6	0.5	65	1	0	0	0	0	0	0	0	0	60	5.5	60	6.5
34	9	9	13	9	6	0.5	70	1	0	0	0	0	0	0	0	0	70	5.5	70	6.5
34	9	9	13	9	6	0.5	74	1	0	0	0	0	0	0	0	0	70	5.5	70	6.5
34	9	9	13	9	6	0.5	77	1	0	0	0	0	0	0	0	0	70	5.5	70	6.5
34	10	10	12	10	6	0.5	-13988	0	0	0	0	0	0	0	0	0	-13988	5.5	-13988	6.5
34	12	12	11	12	6	1.5	48	0	0	0	0	0	0	0	0	0	50	5.5	36	7.5
34	14	14	10	14	6	1.5	55	0	0	0	0	0	0	0	0	0	57	5.5	48	7.5
34	15	15	9	15	6	1.33333	70	0	0	0	0	0	0	0	0	0	72	5.33333	67	7.33333
34	17	17	8	17	6	1.33333	82	0	0	0	0	0	0	0	0	0	72	5.33333	79	7.33333
34	19	19	7	19	6	0.5	60	1	0	0	0	0	0	0	0	0	60	5.5	60	6.5
34	19	19	7	19	6	0.5	65	1	0	0	0	0	0	0	0	0	60	5.5	60	6.5
34	21	21	6	21	6	0.5	74	0	0	0	0	0	0	0	0	0	74	5.5	74	6.5
34	23	23	5	23	6	0.5	60	0	0	0	0	0	0	0	0	0	60	5.5	60	6.5
34	25	25	4	25	6	0.5	62	0	0	0	0	0	0	0	0	0	62	5.5	62	6.5
34	27	27	3	27	6	0.5	70	1	0	0	0	0	0	0	0	0	70	5.5	70	6.5
34	27	27	3	27	6	0.5	77	1	0	0	0	0	0	0	0	0	70	5.5	70	6.5
34	29	29	2	29	6	0.5	70	1	0	0	0	0	0	0	0	0	70	5.5	70	6.5
34	29	29	2	29	6	0.5	74	1	0	0	0	0	0	0	0	0	70	5.5	70	6.5
34	31	31	1	31	6	1.33333	94	0	0	0	0	0	0	0	0	0	96	5.33333	91	7.33333
35	2	2	18	2	6.5	0.5	60	0	0	0	0	0	0	0	0	0	60	6	60	7
35	3	3	17	3	6.5	0.5	62	1	0	0	0	0	0	0	0	0	62	6	62	7
35	3	3	17	3	6.5	0.5	65	1	0	0	0	0	0	0	0	0	62	6	62	7
35	8	8	14	8	6.5	0.5	60	1	0	0	0	0	0	0	0	0	60	6	60	7
35	8	8	14	8	6.5	0.5	62	1	0	0	0	0	0	0	0	0	60	6	60	7
35	8	8	14	8	6.5	0.5	65	1	0	0	0	0	0	0	0	0	60	6	60	7
35	9	9	13	9	6.5	0.5	70	1	0	0	0	0	0	0	0	0	70	6	70	7
35	9	9	13	9	6.5	0.5	74	1	0	0	0	0	0	0	0	0	70	6	70	7
35	9	9	13	9	6.5	0.5	77	1	0	0	0	0	0	0	0	0	70	6	70	7
35	10	10	12	10	6.5	0.5	-13988	0	0	0	0	0	0	0	0	0	-13988	6	-13988	7
35	19	19	7	19	6.5	0.5	60	1	0	0	0	0	0	0	0	0	60	6	60	7
35	19	19	7	19	6.5	0.5	65	1	0	0	0	0	0	0	0	0	60	6	60	7
35	21	21	6	21	6.5	0.5	74	0	0	0	0	0	0	0	0	0	74	6	74	7
35	23	23	5	23	6.5	0.5	60	0	0	0	0	0	0	0	0	0	60	6	60	7
35	25	25	4	25	6.5	0.5	62	0	0	0	0	0	0	0	0	0	62	6	62	7
35	27	27	3	27	6.5	0.5	70	1	0	0	0	0	0	0	0	0	70	6	70	7
35	27	27	3	27	6.5	0.5	77	1	0	0	0	0	0	0	0	0	70	6	70	7
35	29	29	2	29	6.5	0.5	70	1	0	0	0	0	0	0	0	0	70	6	70	7
35	29	29	2	29	6.5	0.5	74	1	0	0	0	0	0	0	0	0	70	6	70	7
36	2	2	18	2	7	0.5	60	0	0	0	0	0	0	0	0	0	60	6.5	60	7.5
36	3	3	17	3	7	0.5	62	1	0	0	0	0	0	0	0	0	62	6.5	62	7.5
36	3	3	17	3	7	0.5	65	1	0	0	0	0	0	0	0	0	62	6.5	62	7.5
36	8	8	14	8	7	0.5	60	1	0	0	0	0	0	0	0	0	60	6.5	60	7.5
36	8	8	14	8	7	0.5	62	1	0	0	0	0	0	0	0	0	60	6.5	60	7.5
36	8	8	14	8	7	0.5	65	1	0	0	0	0	0	0	0	0	60	6.5	60	7.5
36	9	9	13	9	7	0.5	70	1	0	0	0	0	0	0	0	0	70	6.5	70	7.5
36	9	9	13	9	7	0.5	74	1	0	0	0	0	0	0	0	0	70	6.5	70	7.5
36	9	9	13	9	7	0.5	77	1	0	0	0	0	0	0	0	0	70	6.5	70	7.5
36	10	10	12	10	7	0.5	-13988	0	0	0	0	0	0	0	0	0	-13988	6.5	-13988	7.5
36	19	19	7	19	7	0.5	60	1	0	0	0	0	0	0	0	0	60	6.5	60	7.5
36	19	19	7	19	7	0.5	65	1	0	0	0	0	0	0	0	0	60	6.5	60	7.5
36	21	21	6	21	7	0.5	74	0	0	0	0	0	0	0	0	0	74	6.5	74	7.5
36	23	23	5	23	7	0.5	60	0	0	0	0	0	0	0	0	0	60	6.5	60	7.5
36	25	25	4	25	7	0.5	62	0	0	0	0	0	0	0	0	0	62	6.5	62	7.5
36	27	27	3	27	7	0.5	70	1	0	0	0	0	0	0	0	0	70	6.5	70	7.5
36	27	27	3	27	7	0.5	77	1	0	0	0	0	0	0	0	0	70	6.5	70	7.5
36	29	29	2	29	7	0.5	70	1	0	0	0	0	0	0	0	0	70	6.5	70	7.5
36	29	29	2	29	7	0.5	74	1	0	0	0	0	0	0	0	0	70	6.5	70	7.5
37	4	4	16	4	7.33333	0.666667	79	1	0	0	0	0	0	0	0	0	82	6	65	8
37	4	4	16	4	7.33333	0.666667	91	1	0	0	0	0	0	0	0	0	82	6	65	8
37	6	6	15	6	7.33333	0.666667	79	1	0	0	0	0	0	0	0	0	82	6	65	8
37	6	6	15	6	7.33333	0.666667	91	1	0	0	0	0	0	0	0	0	82	6	65	8
37	15	15	9	15	7.33333	0.666667	67	0	0	0	0	0	0	0	0	0	70	6	65	8
37	17	17	8	17	7.33333	0.666667	79	0	0	0	0	0	0	0	0	0	82	6	77	8
37	31	31	1	31	7.33333	0.666667	91	0	0	0	0	0	0	0	0	0	94	6	89	8
38	1	1	19	1	7.5	0.5	36	0	0	0	0	0	0	0	0	0	0	-1	48	8
38	2	2	18	2	7.5	0.5	60	0	0	0	0	0	0	0	0	0	60	7	60	8
38	3	3	17	3	7.5	0.5	62	1	0	0	0	0	0	0	0	0	62	7	62	8
38	3	3	17	3	7.5	0.5	65	1	0	0	0	0	0	0	0	0	62	7	62	8
38	8	8	14	8	7.5	0.5	60	1	0	0	0	0	0	0	0	0	60	7	60	8
38	8	8	14	8	7.5	0.5	62	1	0	0	0	0	0	0	0	0	60	7	60	8
38	8	8	14	8	7.5	0.5	65	1	0	0	0	0	0	0	0	0	60	7	60	8
38	9	9	13	9	7.5	0.5	70	1	0	0	0	0	0	0	0	0	70	7	74	8
38	9	9	13	9	7.5	0.5	74	1	0	0	0	0	0	0	0	0	70	7	74	8
38	9	9	13	9	7.5	0.5	77	1	0	0	0	0	0	0	0	0	70	7	74	8
38	10	10	12	10	7.5	0.5	-13988	0	0	0	0	0	0	0	0	0	-13988	7	-13988	8
38	12	12	11	12	7.5	0.5	36	0	0	0	0	0	0	0	0	0	48	6	48	8
38	14	14	10	14	7.5	0.5	48	0	0	0	0	0	0	0	0	0	55	6	60	8
38	19	19	7	19	7.5	0.5	60	1	0	0	0	0	0	0	0	0	60	7	64	8
38	19	19	7	19	7.5	0.5	65	1	0	0	0	0	0	0	0	0	60	7	64	8
38	21	21	6	21	7.5	0.5	74	0	0	0	0	0	0	0	0	0	74	7	74	8
38	23	23	5	23	7.5	0.5	60	0	0	0	0	0	0	0	0	0	60	7	64	8
38	25	25	4	25	7.5	0.5	62	0	0	0	0	0	0	0	0	0	62	7	65	8
38	27	27	3	27	7.5	0.5	70	1	0	0	0	0	0	0	0	0	70	7	74	8
38	27	27	3	27	7.5	0.5	77	1	0	0	0	0	0	0	0	0	70	7	74	8
38	29	29	2	29	7.5	0.5	70	1	0	0	0	0	0	0	0	0	70	7	79	8
38	29	29	2	29	7.5	0.5	74	1	0	0	0	0	0	0	0	0	70	7	79	8
41	1	1	19	1	8	1.33333	48	0	0	0	0	0	0	0	0	0	36	7.5	48	9.33333
41	2	2	18	2	8	0.5	60	1	0	0	0	0	0	0	0	0	60	7.5	60	11
41	2	2	18	2	8	0.5	62	1	0	0	0	0	0	0	0	0	60	7.5	60	11
41	3	3	17	3	8	0.5	62	1	0	0	0	0	0	0	0	0	62	7.5	62	11
41	3	3	17	3	8	0.5	65	1	0	0	0	0	0	0	0	0	62	7.5	62	11
41	3	3	17	3	8	0.5	70	1	0	0	0	0	0	0	0	0	62	7.5	62	11
41	4	4	16	4	8	1.33333	65	1	0	0	0	0	0	0	0	0	79	7.33333	65	9.33333
41	4	4	16	4	8	1.33333	77	1	0	0	0	0	0	0	0	0	79	7.33333	65	9.33333
41	6	6	15	6	8	1.33333	65	1	0	0	0	0	0	0	0	0	79	7.33333	65	9.33333
41	6	6	15	6	8	1.33333	77	1	0	0	0	0	0	0	0	0	79	7.33333	65	9.33333
41	8	8	14	8	8	2	60	1	1	0	0	0	0	0	0	0	60	7.5	60	11
41	8	8	14	8	8	2	62	1	0	0	0	0	0	0	0	0	60	7.5	60	11
41	8	8	14	8	8	2	65	1	0	0	0	0	0	0	0	0	60	7.5	60	11
41	8	8	14	8	8	2	70	1	0	0	0	0	0	0	0	0	60	7.5	60	11
41	9	9	13	9	8	2	74	1	1	0	0	0	0	0	0	0	70	7.5	74	11
41	9	9	13	9	8	2	79	1	0	0	0	0	0	0	0	0	70	7.5	74	11
41	9	9	13	9	8	2	84	1	0	0	0	0	0	0	0	0	70	7.5	74	11
41	10	10	12	10	8	2	-13988	0	0	0	0	0	0	0	0	0	-13988	7.5	-13988	11
41	12	12	11	12	8	1.33333	48	0	1	0	0	0	0	0	0	0	36	7.5	48	9.33333
41	14	14	10	14	8	1.33333	60	0	1	0	0	0	0	0	0	0	48	7.5	60	9.33333
41	15	15	9	15	8	1.33333	65	0	0	0	0	0	0	0	0	0	67	7.33333	74	9.33333
41	17	17	8	17	8	1.33333	77	0	0	0	0	0	0	0	0	0	79	7.33333	81	9.33333
41	19	19	7	19	8	2	64	1	1	0	0	0	0	0	0	0	60	7.5	64	11
41	19	19	7	19	8	2	69	1	0	0	0	0	0	0	0	0	60	7.5	64	11
41	21	21	6	21	8	2	74	0	1	0	0	0	0	0	0	0	74	7.5	74	11
41	23	23	5	23	8	2	64	0	1	0	0	0	0	0	0	0	60	7.5	64	11
41	25	25	4	25	8	2	65	0	1	0	0	0	0	0	0	0	62	7.5	65	11
41	27	27	3	27	8	2	74	1	1	0	0	0	0	0	0	0	70	7.5	74	11
41	27	27	3	27	8	2	84	1	0	0	0	0	0	0	0	0	70	7.5	74	11
41	29	29	2	29	8	2	79	1	1	0	0	0	0	0	0	0	70	7.5	79	11
41	29	29	2	29	8	2	84	1	0	0	0	0	0	0	0	0	70	7.5	79	11
41	31	31	1	31	8	1.33333	89	0	0	0	0	0	0	0	0	0	91	7.33333	86	9.33333
44	1	1	19	1	9.33333	0.666667	48	0	0	0	0	0	0	0	0	0	48	8	46	10
44	4	4	16	4	9.33333	0.666667	65	1	0	0	0	0	0	0	0	0	65	8	72	10
44	4	4	16	4	9.33333	0.666667	77	1	0	0	0	0	0	0	0	0	65	8	72	10
44	6	6	15	6	9.33333	0.666667	65	1	0	0	0	0	0	0	0	0	65	8	72	10
44	6	6	15	6	9.33333	0.666667	77	1	0	0	0	0	0	0	0	0	65	8	72	10
44	12	12	11	12	9.33333	0.666667	48	0	0	0	0	0	0	0	0	0	48	8	46	10
44	14	14	10	14	9.33333	0.666667	60	0	0	0	0	0	0	0	0	0	60	8	58	10
44	15	15	9	15	9.33333	0.666667	74	0	0	0	0	0	0	0	0	0	65	8	72	10
44	17	17	8	17	9.33333	0.666667	81	0	0	0	0	0	0	0	0	0	77	8	79	10
44	31	31	1	31	9.33333	0.666667	86	1	0	0	0	0	0	0	0	0	89	8	84	10
44	31	31	1	31	9.33333	0.666667	93	1	0	0	0	0	0	0	0	0	89	8	84	10
45	1	1	19	1	10	1.33333	46	0	0	0	0	0	0	0	0	0	48	9.33333	43	11.3333
45	4	4	16	4	10	1.33333	72	1	0	0	0	0	0	0	0	0	65	9.33333	67	11.3333
45	4	4	16	4	10	1.33333	79	1	0	0	0	0	0	0	0	0	65	9.33333	67	11.3333
45	6	6	15	6	10	1.33333	72	1	0	0	0	0	0	0	0	0	65	9.33333	67	11.3333
45	6	6	15	6	10	1.33333	79	1	0	0	0	0	0	0	0	0	65	9.33333	67	11.3333
45	12	12	11	12	10	1.33333	46	0	0	0	0	0	0	0	0	0	48	9.33333	43	11.3333
45	14	14	10	14	10	1.33333	58	0	0	0	0	0	0	0	0	0	60	9.33333	55	11.3333
45	15	15	9	15	10	1.33333	72	0	0	0	0	0	0	0	0	0	74	9.33333	0	0
45	17	17	8	17	10	1.33333	79	0	0	0	0	0	0	0	0	0	81	9.33333	0	0
45	31	31	1	31	10	1.33333	84	1	0	0	0	0	0	0	0	0	86	9.33333	84	11.3333
45	31	31	1	31	10	1.33333	91	1	0	0	0	0	0	0	0	0	86	9.33333	84	11.3333
46	2	2	18	2	11	0.5	60	1	0	0	0	0	0	0	0	0	60	8	60	11.5
46	2	2	18	2	11	0.5	62	1	0	0	0	0	0	0	0	0	60	8	60	11.5
46	3	3	17	3	11	0.5	62	1	0	0	0	0	0	0	0	0	62	8	72	11.5
46	3	3	17	3	11	0.5	65	1	0	0	0	0	0	0	0	0	62	8	72	11.5
46	3	3	17	3	11	0.5	70	1	0	0	0	0	0	0	0	0	62	8	72	11.5
46	8	8	14	8	11	1	60	1	1	0	0	0	0	0	0	0	60	8	0	0
46	8	8	14	8	11	1	62	1	0	0	0	0	0	0	0	0	60	8	0	0
46	8	8	14	8	11	1	65	1	0	0	0	0	0	0	0	0	60	8	0	0
46	8	8	14	8	11	1	70	1	0	0	0	0	0	0	0	0	60	8	0	0
46	9	9	13	9	11	1	74	1	1	0	0	0	0	0	0	0	74	8	0	0
46	9	9	13	9	11	1	79	1	0	0	0	0	0	0	0	0	74	8	0	0
46	9	9	13	9	11	1	84	1	0	0	0	0	0	0	0	0	74	8	0	0
46	10	10	12	10	11	1	-13988	0	1	0	0	0	0	0	0	0	-13988	8	0	0
46	19	19	7	19	11	1	64	1	1	0	0	0	0	0	0	0	64	8	0	0
46	19	19	7	19	11	1	69	1	0	0	0	0	0	0	0	0	64	8	0	0
46	21	21	6	21	11	1	74	0	1	0	0	0	0	0	0	0	74	8	0	0
46	23	23	5	23	11	1	64	0	1	0	0	0	0	0	0	0	64	8	0	0
46	25	25	4	25	11	1	65	0	1	0	0	0	0	0	0	0	65	8	0	0
46	27	27	3	27	11	0.5	74	1	1	0	0	0	0	0	0	0	74	8	72	11.5
46	27	27	3	27	11	0.5	84	1	0	0	0	0	0	0	0	0	74	8	72	11.5
46	29	29	2	29	11	1	79	1	1	0	0	0	0	0	0	0	79	8	0	0
46	29	29	2	29	11	1	84	1	0	0	0	0	0	0	0	0	79	8	0	0
47	1	1	19	1	11.3333	0.666667	43	0	0	0	0	0	0	0	0	0	46	10	0	0
47	4	4	16	4	11.3333	0.666667	67	1	0	0	0	0	0	0	0	0	72	10	0	0
47	4	4	16	4	11.3333	0.666667	72	1	0	0	0	0	0	0	0	0	72	10	0	0
47	6	6	15	6	11.3333	0.666667	67	1	0	0	0	0	0	0	0	0	72	10	0	0
47	6	6	15	6	11.3333	0.666667	72	1	0	0	0	0	0	0	0	0	72	10	0	0
47	12	12	11	12	11.3333	0.666667	43	0	0	0	0	0	0	0	0	0	46	10	0	0
47	14	14	10	14	11.3333	0.666667	55	0	0	0	0	0	0	0	0	0	58	10	0	0
47	31	31	1	31	11.3333	0.666667	84	0	0	0	0	0	0	0	0	0	84	10	0	0
48	2	2	18	2	11.5	0.5	60	0	0	0	0	0	0	0	0	0	60	11	0	0
48	3	3	17	3	11.5	0.5	72	0	0	0	0	0	0	0	0	0	62	11	0	0
48	27	27	3	27	11.5	0.5	72	1	0	0	0	0	0	0	0	0	74	11	0	0
48	27	27	3	27	11.5	0.5	79	1	0	0	0	0	0	0	0	0	74	11	0	0
*-	*-	*-	*-	*-	*-	*-	*-	*-	*-	*-	*-	*-	*-	*-	*-	*-	*-	*-	*-	*-
