**line	**field	**track	**staff	**subtrack	**start	**dur	**pitch	**chord	**accent	**marcato	**sforzando	**tenuto	**staccato	**trill	**slur_start	**slur_end	**ppitch	**pstart	**npitch	**nstart
19	1	1	15	1	0	0.5	33	0	1	0	0	0	0	0	0	0	0	-1	35	0.5
19	2	2	14	2	0	0.5	45	0	1	0	0	0	0	0	0	0	0	-1	47	0.5
19	3	3	13	3	0	0.5	57	0	1	0	0	0	0	0	0	0	0	-1	59	0.5
19	4	4	12	4	0	0.5	57	0	1	0	0	0	0	0	0	0	0	-1	59	0.5
19	5	5	11	5	0	0.333333	49	0	0	0	0	0	0	0	1	0	0	-1	50	0.333333
19	6	6	10	6	0	0.25	78	0	0	0	0	0	0	0	1	0	0	-1	77	0.25
19	7	7	9	7	0	0.25	81	1	0	0	0	0	0	0	1	0	0	-1	80	0.25
19	7	7	9	7	0	0.25	83	1	0	0	0	0	0	0	1	0	0	-1	80	0.25
19	8	8	8	8	0	0.25	88	1	0	0	0	0	0	0	1	0	0	-1	86	0.25
19	8	8	8	8	0	0.25	92	1	0	0	0	0	0	0	1	0	0	-1	86	0.25
19	9	9	7	9	0	0.333333	55	0	0	0	0	0	0	0	1	0	0	-1	56	0.333333
19	10	10	6	10	0	0.333333	58	1	0	0	0	0	0	0	1	0	0	-1	61	0.333333
19	10	10	6	10	0	0.333333	63	1	0	0	0	0	0	0	1	0	0	-1	61	0.333333
19	11	11	5	11	0	0.5	33	1	1	0	0	0	0	0	0	0	0	-1	35	0.5
19	11	11	5	11	0	0.5	45	1	0	0	0	0	0	0	0	0	0	-1	35	0.5
19	12	12	4	12	0	0.166667	97	0	0	0	0	0	0	0	0	0	0	-1	91	0.166667
19	13	13	3	13	0	0.5	69	0	0	0	0	0	0	0	0	0	0	-1	71	0.5
19	14	14	2	14	0	0.5	88	0	0	0	0	0	0	0	0	0	0	-1	87	0.5
19	15	15	1	15	0	0.5	98	0	0	0	0	0	0	0	0	0	0	-1	104	0.5
20	12	12	4	12	0.166667	0.166667	91	0	0	0	0	0	0	0	0	0	97	0	86	0.333333
21	6	6	10	6	0.25	0.25	77	0	0	0	0	0	0	0	0	1	78	0	77	0.5
21	7	7	9	7	0.25	0.25	80	1	0	0	0	0	0	0	0	1	81	0	80	0.5
21	7	7	9	7	0.25	0.25	82	1	0	0	0	0	0	0	0	1	81	0	80	0.5
21	8	8	8	8	0.25	0.25	86	1	0	0	0	0	0	0	0	1	88	0	86	0.5
21	8	8	8	8	0.25	0.25	90	1	0	0	0	0	0	0	0	1	88	0	86	0.5
22	5	5	11	5	0.333333	0.333333	50	0	0	0	0	0	0	0	0	0	49	0	51	0.666667
22	9	9	7	9	0.333333	0.333333	56	0	0	0	0	0	0	0	0	0	55	0	57	0.666667
22	10	10	6	10	0.333333	0.333333	61	1	0	0	0	0	0	0	0	0	58	0	62	0.666667
22	10	10	6	10	0.333333	0.333333	64	1	0	0	0	0	0	0	0	0	58	0	62	0.666667
22	12	12	4	12	0.333333	0.166667	86	0	0	0	0	0	0	0	0	0	91	0.166667	92	0.5
23	1	1	15	1	0.5	0.5	35	0	1	0	0	0	0	0	0	0	33	0	34	1
23	2	2	14	2	0.5	0.5	47	0	1	0	0	0	0	0	0	0	45	0	46	1
23	3	3	13	3	0.5	0.5	59	0	1	0	0	0	0	0	0	0	57	0	58	1
23	4	4	12	4	0.5	0.5	59	0	1	0	0	0	0	0	0	0	57	0	58	1
23	6	6	10	6	0.5	0.25	77	0	0	0	0	0	0	0	1	0	77	0.25	76	0.75
23	7	7	9	7	0.5	0.25	80	1	0	0	0	0	0	0	1	0	80	0.25	78	0.75
23	7	7	9	7	0.5	0.25	82	1	0	0	0	0	0	0	1	0	80	0.25	78	0.75
23	8	8	8	8	0.5	0.25	86	1	0	0	0	0	0	0	1	0	86	0.25	85	0.75
23	8	8	8	8	0.5	0.25	90	1	0	0	0	0	0	0	1	0	86	0.25	85	0.75
23	11	11	5	11	0.5	0.5	35	1	1	0	0	0	0	0	0	0	33	0	34	1
23	11	11	5	11	0.5	0.5	47	1	0	0	0	0	0	0	0	0	33	0	34	1
23	12	12	4	12	0.5	0.166667	92	0	0	0	0	0	0	0	0	0	86	0.333333	87	0.666667
23	13	13	3	13	0.5	0.5	71	0	0	0	0	0	0	0	0	0	69	0	70	1
23	14	14	2	14	0.5	0.5	87	0	0	0	0	0	0	0	0	0	88	0	90	1
23	15	15	1	15	0.5	0.5	104	0	0	0	0	0	0	0	0	0	98	0	91	1
24	5	5	11	5	0.666667	0.333333	51	0	0	0	0	0	0	0	0	0	50	0.333333	52	1
24	9	9	7	9	0.666667	0.333333	57	0	0	0	0	0	0	0	0	0	56	0.333333	58	1
24	10	10	6	10	0.666667	0.333333	62	1	0	0	0	0	0	0	0	0	61	0.333333	63	1
24	10	10	6	10	0.666667	0.333333	67	1	0	0	0	0	0	0	0	0	61	0.333333	63	1
24	12	12	4	12	0.666667	0.166667	87	0	0	0	0	0	0	0	0	0	92	0.5	81	0.833333
25	6	6	10	6	0.75	0.25	76	0	0	0	0	0	0	0	0	1	77	0.5	76	1
25	7	7	9	7	0.75	0.25	78	1	0	0	0	0	0	0	0	1	80	0.5	78	1
25	7	7	9	7	0.75	0.25	81	1	0	0	0	0	0	0	0	1	80	0.5	78	1
25	8	8	8	8	0.75	0.25	85	1	0	0	0	0	0	0	0	1	86	0.5	85	1
25	8	8	8	8	0.75	0.25	89	1	0	0	0	0	0	0	0	1	86	0.5	85	1
26	12	12	4	12	0.833333	0.166667	81	0	0	0	0	0	0	0	0	0	87	0.666667	76	1
27	1	1	15	1	1	0.5	34	0	1	0	0	0	0	0	0	0	35	0.5	28	1.5
27	2	2	14	2	1	0.5	46	0	1	0	0	0	0	0	0	0	47	0.5	40	1.5
27	3	3	13	3	1	0.5	58	0	1	0	0	0	0	0	0	0	59	0.5	52	1.5
27	4	4	12	4	1	0.5	58	0	1	0	0	0	0	0	0	0	59	0.5	52	1.5
27	5	5	11	5	1	0.333333	52	0	0	0	0	0	0	0	0	0	51	0.666667	55	1.33333
27	6	6	10	6	1	0.25	76	0	0	0	0	0	0	0	1	0	76	0.75	74	1.25
27	7	7	9	7	1	0.25	78	1	0	0	0	0	0	0	1	0	78	0.75	77	1.25
27	7	7	9	7	1	0.25	81	1	0	0	0	0	0	0	1	0	78	0.75	77	1.25
27	8	8	8	8	1	0.25	85	1	0	0	0	0	0	0	1	0	85	0.75	84	1.25
27	8	8	8	8	1	0.25	89	1	0	0	0	0	0	0	1	0	85	0.75	84	1.25
27	9	9	7	9	1	0.333333	58	0	0	0	0	0	0	0	0	0	57	0.666667	61	1.33333
27	10	10	6	10	1	0.333333	63	1	0	0	0	0	0	0	0	0	62	0.666667	64	1.33333
27	10	10	6	10	1	0.333333	68	1	0	0	0	0	0	0	0	0	62	0.666667	64	1.33333
27	11	11	5	11	1	0.5	34	1	1	0	0	0	0	0	0	0	35	0.5	28	1.5
27	11	11	5	11	1	0.5	46	1	0	0	0	0	0	0	0	0	35	0.5	28	1.5
27	12	12	4	12	1	1	76	0	0	0	0	0	0	0	0	0	81	0.833333	82	2
27	13	13	3	13	1	0.5	70	0	0	0	0	0	0	0	0	0	71	0.5	64	1.5
27	14	14	2	14	1	0.5	90	0	0	0	0	0	0	0	0	0	87	0.5	84	1.5
27	15	15	1	15	1	0.5	91	0	0	0	0	0	0	0	0	0	104	0.5	102	1.5
28	6	6	10	6	1.25	0.25	74	0	0	0	0	0	0	0	0	1	76	1	74	1.5
28	7	7	9	7	1.25	0.25	77	1	0	0	0	0	0	0	0	1	78	1	77	1.5
28	7	7	9	7	1.25	0.25	80	1	0	0	0	0	0	0	0	1	78	1	77	1.5
28	8	8	8	8	1.25	0.25	84	1	0	0	0	0	0	0	0	1	85	1	84	1.5
28	8	8	8	8	1.25	0.25	88	1	0	0	0	0	0	0	0	1	85	1	84	1.5
29	5	5	11	5	1.33333	0.333333	55	0	0	0	0	0	0	0	0	0	52	1	56	1.66667
29	9	9	7	9	1.33333	0.333333	61	0	0	0	0	0	0	0	0	0	58	1	62	1.66667
29	10	10	6	10	1.33333	0.333333	64	1	0	0	0	0	0	0	0	0	63	1	67	1.66667
29	10	10	6	10	1.33333	0.333333	69	1	0	0	0	0	0	0	0	0	63	1	67	1.66667
30	1	1	15	1	1.5	0.5	28	0	1	0	0	0	0	0	0	0	34	1	36	2
30	2	2	14	2	1.5	0.5	40	0	1	0	0	0	0	0	0	0	46	1	48	2
30	3	3	13	3	1.5	0.5	52	0	1	0	0	0	0	0	0	0	58	1	60	2
30	4	4	12	4	1.5	0.5	52	0	1	0	0	0	0	0	0	0	58	1	60	2
30	6	6	10	6	1.5	0.25	74	0	0	0	0	0	0	0	1	0	74	1.25	73	1.75
30	7	7	9	7	1.5	0.25	77	1	0	0	0	0	0	0	1	0	77	1.25	76	1.75
30	7	7	9	7	1.5	0.25	80	1	0	0	0	0	0	0	1	0	77	1.25	76	1.75
30	8	8	8	8	1.5	0.25	84	1	0	0	0	0	0	0	1	0	84	1.25	82	1.75
30	8	8	8	8	1.5	0.25	88	1	0	0	0	0	0	0	1	0	84	1.25	82	1.75
30	11	11	5	11	1.5	0.5	28	1	1	0	0	0	0	0	0	0	34	1	36	2
30	11	11	5	11	1.5	0.5	40	1	0	0	0	0	0	0	0	0	34	1	36	2
30	13	13	3	13	1.5	0.5	64	0	0	0	0	0	0	0	0	0	70	1	72	2
30	14	14	2	14	1.5	0.5	84	0	0	0	0	0	0	0	0	0	90	1	88	2
30	15	15	1	15	1.5	0.5	102	0	0	0	0	0	0	0	0	0	91	1	89	2
31	5	5	11	5	1.66667	0.333333	56	0	0	0	0	0	0	0	0	1	55	1.33333	57	2
31	9	9	7	9	1.66667	0.333333	62	0	0	0	0	0	0	0	0	1	61	1.33333	63	2
31	10	10	6	10	1.66667	0.333333	67	1	0	0	0	0	0	0	0	1	64	1.33333	68	2
31	10	10	6	10	1.66667	0.333333	70	1	0	0	0	0	0	0	0	1	64	1.33333	68	2
32	6	6	10	6	1.75	0.25	73	0	0	0	0	0	0	0	0	1	74	1.5	73	2
32	7	7	9	7	1.75	0.25	76	1	0	0	0	0	0	0	0	1	77	1.5	76	2
32	7	7	9	7	1.75	0.25	78	1	0	0	0	0	0	0	0	1	77	1.5	76	2
32	8	8	8	8	1.75	0.25	82	1	0	0	0	0	0	0	0	1	84	1.5	82	2
32	8	8	8	8	1.75	0.25	86	1	0	0	0	0	0	0	0	1	84	1.5	82	2
33	1	1	15	1	2	0.5	36	0	1	0	0	0	0	0	0	0	28	1.5	30	2.5
33	2	2	14	2	2	0.5	48	0	1	0	0	0	0	0	0	0	40	1.5	42	2.5
33	3	3	13	3	2	0.5	60	0	1	0	0	0	0	0	0	0	52	1.5	54	2.5
33	4	4	12	4	2	0.5	60	0	1	0	0	0	0	0	0	0	52	1.5	54	2.5
33	5	5	11	5	2	0.333333	57	0	0	0	0	0	0	0	1	0	56	1.66667	58	2.33333
33	6	6	10	6	2	0.25	73	0	0	0	0	0	0	0	1	0	73	1.75	72	2.25
33	7	7	9	7	2	0.25	76	1	0	0	0	0	0	0	1	0	76	1.75	74	2.25
33	7	7	9	7	2	0.25	78	1	0	0	0	0	0	0	1	0	76	1.75	74	2.25
33	8	8	8	8	2	0.25	82	1	0	0	0	0	0	0	1	0	82	1.75	81	2.25
33	8	8	8	8	2	0.25	86	1	0	0	0	0	0	0	1	0	82	1.75	81	2.25
33	9	9	7	9	2	0.333333	63	0	0	0	0	0	0	0	1	0	62	1.66667	64	2.33333
33	10	10	6	10	2	0.333333	68	1	0	0	0	0	0	0	1	0	67	1.66667	69	2.33333
33	10	10	6	10	2	0.333333	73	1	0	0	0	0	0	0	1	0	67	1.66667	69	2.33333
33	11	11	5	11	2	0.5	36	1	1	0	0	0	0	0	0	0	28	1.5	30	2.5
33	11	11	5	11	2	0.5	48	1	0	0	0	0	0	0	0	0	28	1.5	30	2.5
33	12	12	4	12	2	0.25	82	0	0	0	0	0	1	0	0	0	76	1	77	2.25
33	13	13	3	13	2	0.5	72	0	0	0	0	0	0	0	0	0	64	1.5	66	2.5
33	14	14	2	14	2	0.5	88	0	0	0	0	0	0	0	0	0	84	1.5	82	2.5
33	15	15	1	15	2	0.5	89	0	0	0	0	0	0	0	0	0	102	1.5	92	2.5
34	6	6	10	6	2.25	0.25	72	0	0	0	0	0	0	0	0	1	73	2	72	2.5
34	7	7	9	7	2.25	0.25	74	1	0	0	0	0	0	0	0	1	76	2	74	2.5
34	7	7	9	7	2.25	0.25	77	1	0	0	0	0	0	0	0	1	76	2	74	2.5
34	8	8	8	8	2.25	0.25	81	1	0	0	0	0	0	0	0	1	82	2	81	2.5
34	8	8	8	8	2.25	0.25	85	1	0	0	0	0	0	0	0	1	82	2	81	2.5
34	12	12	4	12	2.25	0.25	77	0	0	0	0	0	1	0	0	0	82	2	83	2.5
35	5	5	11	5	2.33333	0.333333	58	0	0	0	0	0	0	0	0	0	57	2	61	2.66667
35	9	9	7	9	2.33333	0.333333	64	0	0	0	0	0	0	0	0	0	63	2	67	2.66667
35	10	10	6	10	2.33333	0.333333	69	1	0	0	0	0	0	0	0	0	68	2	70	2.66667
35	10	10	6	10	2.33333	0.333333	74	1	0	0	0	0	0	0	0	0	68	2	70	2.66667
36	1	1	15	1	2.5	0.5	30	0	1	0	0	0	0	0	0	0	36	2	28	3
36	2	2	14	2	2.5	0.5	42	0	1	0	0	0	0	0	0	0	48	2	40	3
36	3	3	13	3	2.5	0.5	54	0	1	0	0	0	0	0	0	0	60	2	52	3
36	4	4	12	4	2.5	0.5	54	0	1	0	0	0	0	0	0	0	60	2	52	3
36	6	6	10	6	2.5	0.25	72	0	0	0	0	0	0	0	1	0	72	2.25	70	2.75
36	7	7	9	7	2.5	0.25	74	1	0	0	0	0	0	0	1	0	74	2.25	73	2.75
36	7	7	9	7	2.5	0.25	77	1	0	0	0	0	0	0	1	0	74	2.25	73	2.75
36	8	8	8	8	2.5	0.25	81	1	0	0	0	0	0	0	1	0	81	2.25	80	2.75
36	8	8	8	8	2.5	0.25	85	1	0	0	0	0	0	0	1	0	81	2.25	80	2.75
36	11	11	5	11	2.5	0.5	30	1	1	0	0	0	0	0	0	0	36	2	28	3
36	11	11	5	11	2.5	0.5	42	1	0	0	0	0	0	0	0	0	36	2	28	3
36	12	12	4	12	2.5	0.25	83	0	0	0	0	0	1	0	0	0	77	2.25	90	2.75
36	13	13	3	13	2.5	0.5	66	0	0	0	0	0	0	0	0	0	72	2	64	3
36	14	14	2	14	2.5	0.5	82	0	0	0	0	0	0	0	0	0	88	2	80	3
36	15	15	1	15	2.5	0.5	92	0	0	0	0	0	0	0	0	0	89	2	103	3
37	5	5	11	5	2.66667	0.333333	61	0	0	0	0	0	0	0	0	0	58	2.33333	62	3
37	9	9	7	9	2.66667	0.333333	67	0	0	0	0	0	0	0	0	0	64	2.33333	68	3
37	10	10	6	10	2.66667	0.333333	70	1	0	0	0	0	0	0	0	0	69	2.33333	73	3
37	10	10	6	10	2.66667	0.333333	75	1	0	0	0	0	0	0	0	0	69	2.33333	73	3
38	6	6	10	6	2.75	0.25	70	0	0	0	0	0	0	0	0	1	72	2.5	70	3
38	7	7	9	7	2.75	0.25	73	1	0	0	0	0	0	0	0	1	74	2.5	73	3
38	7	7	9	7	2.75	0.25	76	1	0	0	0	0	0	0	0	1	74	2.5	73	3
38	8	8	8	8	2.75	0.25	80	1	0	0	0	0	0	0	0	1	81	2.5	80	3
38	8	8	8	8	2.75	0.25	84	1	0	0	0	0	0	0	0	1	81	2.5	80	3
38	12	12	4	12	2.75	0.25	90	0	0	0	0	0	1	0	0	0	83	2.5	84	3
39	14	14	2	14	3	0	80	0	0	0	0	0	0	0	1	0	82	2.5	89	3
39	15	15	1	15	3	0	103	0	0	0	0	0	0	0	1	0	92	2.5	90	3
40	1	1	15	1	3	0.5	28	0	1	0	0	0	0	0	0	0	30	2.5	29	3.5
40	2	2	14	2	3	0.5	40	0	1	0	0	0	0	0	0	0	42	2.5	41	3.5
40	3	3	13	3	3	0.5	52	0	1	0	0	0	0	0	0	0	54	2.5	53	3.5
40	4	4	12	4	3	0.5	52	0	1	0	0	0	0	0	0	0	54	2.5	53	3.5
40	5	5	11	5	3	0.333333	62	0	0	0	0	0	0	0	0	0	61	2.66667	63	3.33333
40	6	6	10	6	3	0.25	70	0	0	0	0	0	0	0	1	0	70	2.75	69	3.25
40	7	7	9	7	3	0.25	73	1	0	0	0	0	0	0	1	0	73	2.75	72	3.25
40	7	7	9	7	3	0.25	76	1	0	0	0	0	0	0	1	0	73	2.75	72	3.25
40	8	8	8	8	3	0.25	80	1	0	0	0	0	0	0	1	0	80	2.75	78	3.25
40	8	8	8	8	3	0.25	84	1	0	0	0	0	0	0	1	0	80	2.75	78	3.25
40	9	9	7	9	3	0.333333	68	0	0	0	0	0	0	0	0	0	67	2.66667	69	3.33333
40	10	10	6	10	3	0.333333	73	1	0	0	0	0	0	0	0	0	70	2.66667	74	3.33333
40	10	10	6	10	3	0.333333	76	1	0	0	0	0	0	0	0	0	70	2.66667	74	3.33333
40	11	11	5	11	3	0.5	28	1	1	0	0	0	0	0	0	0	30	2.5	29	3.5
40	11	11	5	11	3	0.5	40	1	0	0	0	0	0	0	0	0	30	2.5	29	3.5
40	12	12	4	12	3	0.75	84	0	1	0	0	0	0	0	0	0	90	2.75	87	3.75
40	13	13	3	13	3	0.5	64	0	0	0	0	0	0	0	0	0	66	2.5	65	3.5
40	14	14	2	14	3	0.5	89	0	0	0	0	0	0	0	0	1	80	3	88	3.5
40	15	15	1	15	3	0.5	90	0	0	0	0	0	0	0	0	1	103	3	98	3.5
41	6	6	10	6	3.25	0.25	69	0	0	0	0	0	0	0	0	1	70	3	69	3.5
41	7	7	9	7	3.25	0.25	72	1	0	0	0	0	0	0	0	1	73	3	72	3.5
41	7	7	9	7	3.25	0.25	74	1	0	0	0	0	0	0	0	1	73	3	72	3.5
41	8	8	8	8	3.25	0.25	78	1	0	0	0	0	0	0	0	1	80	3	78	3.5
41	8	8	8	8	3.25	0.25	82	1	0	0	0	0	0	0	0	1	80	3	78	3.5
42	5	5	11	5	3.33333	0.333333	63	0	0	0	0	0	0	0	0	0	62	3	64	3.66667
42	9	9	7	9	3.33333	0.333333	69	0	0	0	0	0	0	0	0	0	68	3	70	3.66667
42	10	10	6	10	3.33333	0.333333	74	1	0	0	0	0	0	0	0	0	73	3	75	3.66667
42	10	10	6	10	3.33333	0.333333	79	1	0	0	0	0	0	0	0	0	73	3	75	3.66667
43	1	1	15	1	3.5	0.5	29	0	1	0	0	0	0	0	0	0	28	3	35	4
43	2	2	14	2	3.5	0.5	41	0	1	0	0	0	0	0	0	0	40	3	47	4
43	3	3	13	3	3.5	0.5	53	0	1	0	0	0	0	0	0	0	52	3	59	4
43	4	4	12	4	3.5	0.5	53	0	1	0	0	0	0	0	0	0	52	3	59	4
43	6	6	10	6	3.5	0.25	69	0	0	0	0	0	0	0	1	0	69	3.25	68	3.75
43	7	7	9	7	3.5	0.25	72	1	0	0	0	0	0	0	1	0	72	3.25	70	3.75
43	7	7	9	7	3.5	0.25	74	1	0	0	0	0	0	0	1	0	72	3.25	70	3.75
43	8	8	8	8	3.5	0.25	78	1	0	0	0	0	0	0	1	0	78	3.25	77	3.75
43	8	8	8	8	3.5	0.25	82	1	0	0	0	0	0	0	1	0	78	3.25	77	3.75
43	11	11	5	11	3.5	0.5	29	1	1	0	0	0	0	0	0	0	28	3	47	4
43	11	11	5	11	3.5	0.5	41	1	0	0	0	0	0	0	0	0	28	3	47	4
43	13	13	3	13	3.5	0.5	65	0	0	0	0	0	0	0	0	0	64	3	71	4
43	14	14	2	14	3.5	0.5	88	0	0	0	0	0	0	0	0	0	89	3	87	4
43	15	15	1	15	3.5	0.5	98	0	0	0	0	0	0	0	0	0	90	3	104	4
44	5	5	11	5	3.66667	0.333333	64	0	0	0	0	0	0	0	0	1	63	3.33333	67	4
44	9	9	7	9	3.66667	0.333333	70	0	0	0	0	0	0	0	0	1	69	3.33333	67	4
44	10	10	6	10	3.66667	0.333333	75	1	0	0	0	0	0	0	0	1	74	3.33333	76	4
44	10	10	6	10	3.66667	0.333333	80	1	0	0	0	0	0	0	0	1	74	3.33333	76	4
45	6	6	10	6	3.75	0.25	68	0	0	0	0	0	0	0	0	1	69	3.5	66	4
45	7	7	9	7	3.75	0.25	70	1	0	0	0	0	0	0	0	1	72	3.5	69	4
45	7	7	9	7	3.75	0.25	73	1	0	0	0	0	0	0	0	1	72	3.5	69	4
45	8	8	8	8	3.75	0.25	77	1	0	0	0	0	0	0	0	1	78	3.5	76	4
45	8	8	8	8	3.75	0.25	81	1	0	0	0	0	0	0	0	1	78	3.5	76	4
45	12	12	4	12	3.75	0.25	87	0	0	0	0	0	0	0	0	0	84	3	81	4
49	1	1	15	1	4	0.5	35	0	1	0	0	0	0	0	0	0	29	3.5	39	4.5
49	2	2	14	2	4	0.5	47	0	1	0	0	0	0	0	0	0	41	3.5	39	4.5
49	3	3	13	3	4	0.5	59	0	1	0	0	0	0	0	0	0	53	3.5	51	4.5
49	4	4	12	4	4	0.5	59	0	1	0	0	0	0	0	0	0	53	3.5	51	4.5
49	5	5	11	5	4	0.5	67	0	0	0	0	0	0	0	0	0	64	3.66667	0	0
49	6	6	10	6	4	0.25	66	0	0	0	0	0	0	0	1	0	68	3.75	65	4.25
49	7	7	9	7	4	0.25	69	1	0	0	0	0	0	0	1	0	70	3.75	68	4.25
49	7	7	9	7	4	0.25	71	1	0	0	0	0	0	0	1	0	70	3.75	68	4.25
49	8	8	8	8	4	0.25	76	1	0	0	0	0	0	0	1	0	77	3.75	74	4.25
49	8	8	8	8	4	0.25	80	1	0	0	0	0	0	0	1	0	77	3.75	74	4.25
49	9	9	7	9	4	0.333333	67	1	0	0	0	0	0	0	1	0	70	3.66667	68	4.33333
49	9	9	7	9	4	0.333333	73	1	0	0	0	0	0	0	1	0	70	3.66667	68	4.33333
49	10	10	6	10	4	0.333333	76	1	0	0	0	0	0	0	1	0	75	3.66667	79	4.33333
49	10	10	6	10	4	0.333333	81	1	0	0	0	0	0	0	1	0	75	3.66667	79	4.33333
49	11	11	5	11	4	0.5	47	1	1	0	0	0	0	0	0	0	29	3.5	39	4.5
49	11	11	5	11	4	0.5	59	1	0	0	0	0	0	0	0	0	29	3.5	39	4.5
49	12	12	4	12	4	0.166667	81	0	0	0	0	0	0	0	0	0	87	3.75	74	4.16667
49	13	13	3	13	4	0.5	71	0	0	0	0	0	0	0	0	0	65	3.5	63	4.5
49	14	14	2	14	4	0.5	87	0	0	0	0	0	0	0	0	0	88	3.5	90	4.5
49	15	15	1	15	4	0.5	104	0	0	0	0	0	0	0	0	0	98	3.5	91	4.5
50	12	12	4	12	4.16667	0.166667	74	0	0	0	0	0	0	0	0	0	81	4	68	4.33333
51	6	6	10	6	4.25	0.25	65	0	0	0	0	0	0	0	0	1	66	4	65	4.5
51	7	7	9	7	4.25	0.25	68	1	0	0	0	0	0	0	0	1	69	4	68	4.5
51	7	7	9	7	4.25	0.25	70	1	0	0	0	0	0	0	0	1	69	4	68	4.5
51	8	8	8	8	4.25	0.25	74	1	0	0	0	0	0	0	0	1	76	4	74	4.5
51	8	8	8	8	4.25	0.25	78	1	0	0	0	0	0	0	0	1	76	4	74	4.5
52	9	9	7	9	4.33333	0.333333	68	1	0	0	0	0	0	0	0	0	67	4	69	4.66667
52	9	9	7	9	4.33333	0.333333	74	1	0	0	0	0	0	0	0	0	67	4	69	4.66667
52	10	10	6	10	4.33333	0.333333	79	1	0	0	0	0	0	0	0	0	76	4	80	4.66667
52	10	10	6	10	4.33333	0.333333	82	1	0	0	0	0	0	0	0	0	76	4	80	4.66667
52	12	12	4	12	4.33333	0.166667	68	0	0	0	0	0	0	0	0	0	74	4.16667	75	4.5
53	1	1	15	1	4.5	0.5	39	0	1	0	0	0	0	0	0	0	35	4	33	5
53	2	2	14	2	4.5	0.5	39	0	1	0	0	0	0	0	0	0	47	4	45	5
53	3	3	13	3	4.5	0.5	51	0	1	0	0	0	0	0	0	0	59	4	57	5
53	4	4	12	4	4.5	0.5	51	0	1	0	0	0	0	0	0	0	59	4	57	5
53	6	6	10	6	4.5	0.25	65	0	0	0	0	0	0	0	1	0	65	4.25	64	4.75
53	7	7	9	7	4.5	0.25	68	1	0	0	0	0	0	0	1	0	68	4.25	66	4.75
53	7	7	9	7	4.5	0.25	70	1	0	0	0	0	0	0	1	0	68	4.25	66	4.75
53	8	8	8	8	4.5	0.25	74	1	0	0	0	0	0	0	1	0	74	4.25	73	4.75
53	8	8	8	8	4.5	0.25	78	1	0	0	0	0	0	0	1	0	74	4.25	73	4.75
53	11	11	5	11	4.5	0.5	39	1	1	0	0	0	0	0	0	0	47	4	45	5
53	11	11	5	11	4.5	0.5	51	1	0	0	0	0	0	0	0	0	47	4	45	5
53	12	12	4	12	4.5	0.166667	75	0	0	0	0	0	0	0	0	0	68	4.33333	69	4.66667
53	13	13	3	13	4.5	0.5	63	0	0	0	0	0	0	0	0	0	71	4	69	5
53	14	14	2	14	4.5	0.5	90	0	0	0	0	0	0	0	0	0	87	4	84	5
53	15	15	1	15	4.5	0.5	91	0	0	0	0	0	0	0	0	0	104	4	102	5
54	9	9	7	9	4.66667	0.333333	69	1	0	0	0	0	0	0	0	0	68	4.33333	70	5
54	9	9	7	9	4.66667	0.333333	75	1	0	0	0	0	0	0	0	0	68	4.33333	70	5
54	10	10	6	10	4.66667	0.333333	80	1	0	0	0	0	0	0	0	0	79	4.33333	81	5
54	10	10	6	10	4.66667	0.333333	85	1	0	0	0	0	0	0	0	0	79	4.33333	81	5
54	12	12	4	12	4.66667	0.166667	69	0	0	0	0	0	0	0	0	0	75	4.5	64	4.83333
55	6	6	10	6	4.75	0.25	64	0	0	0	0	0	0	0	0	1	65	4.5	64	5
55	7	7	9	7	4.75	0.25	66	1	0	0	0	0	0	0	0	1	68	4.5	66	5
55	7	7	9	7	4.75	0.25	69	1	0	0	0	0	0	0	0	1	68	4.5	66	5
55	8	8	8	8	4.75	0.25	73	1	0	0	0	0	0	0	0	1	74	4.5	73	5
55	8	8	8	8	4.75	0.25	77	1	0	0	0	0	0	0	0	1	74	4.5	73	5
56	12	12	4	12	4.83333	0.166667	64	0	0	0	0	0	0	0	0	0	69	4.66667	67	5
57	1	1	15	1	5	0.5	33	0	1	0	0	0	0	0	0	0	39	4.5	35	5.5
57	2	2	14	2	5	0.5	45	0	1	0	0	0	0	0	0	0	39	4.5	47	5.5
57	3	3	13	3	5	0.5	57	0	1	0	0	0	0	0	0	0	51	4.5	59	5.5
57	4	4	12	4	5	0.5	57	0	1	0	0	0	0	0	0	0	51	4.5	59	5.5
57	6	6	10	6	5	0.25	64	0	0	0	0	0	0	0	1	0	64	4.75	62	5.25
57	7	7	9	7	5	0.25	66	1	0	0	0	0	0	0	1	0	66	4.75	65	5.25
57	7	7	9	7	5	0.25	69	1	0	0	0	0	0	0	1	0	66	4.75	65	5.25
57	8	8	8	8	5	0.25	73	1	0	0	0	0	0	0	1	0	73	4.75	72	5.25
57	8	8	8	8	5	0.25	77	1	0	0	0	0	0	0	1	0	73	4.75	72	5.25
57	9	9	7	9	5	0.333333	70	1	0	0	0	0	0	0	0	0	69	4.66667	73	5.33333
57	9	9	7	9	5	0.333333	76	1	0	0	0	0	0	0	0	0	69	4.66667	73	5.33333
57	10	10	6	10	5	0.333333	81	1	0	0	0	0	0	0	0	0	80	4.66667	82	5.33333
57	10	10	6	10	5	0.333333	86	1	0	0	0	0	0	0	0	0	80	4.66667	82	5.33333
57	11	11	5	11	5	0.5	45	1	1	0	0	0	0	0	0	0	39	4.5	47	5.5
57	11	11	5	11	5	0.5	57	1	0	0	0	0	0	0	0	0	39	4.5	47	5.5
57	12	12	4	12	5	0.25	67	0	0	0	0	0	0	0	0	0	64	4.83333	70	5.25
57	13	13	3	13	5	1	69	0	0	0	0	0	0	0	0	0	63	4.5	72	7
57	14	14	2	14	5	0.5	84	0	0	0	0	0	0	0	0	0	90	4.5	88	5.5
57	15	15	1	15	5	0.5	102	0	0	0	0	0	0	0	0	0	91	4.5	89	5.5
58	6	6	10	6	5.25	0.25	62	0	0	0	0	0	0	0	0	1	64	5	62	5.5
58	7	7	9	7	5.25	0.25	65	1	0	0	0	0	0	0	0	1	66	5	65	5.5
58	7	7	9	7	5.25	0.25	68	1	0	0	0	0	0	0	0	1	66	5	65	5.5
58	8	8	8	8	5.25	0.25	72	1	0	0	0	0	0	0	0	1	73	5	72	5.5
58	8	8	8	8	5.25	0.25	76	1	0	0	0	0	0	0	0	1	73	5	72	5.5
58	12	12	4	12	5.25	0.25	70	0	0	0	0	0	0	0	0	0	67	5	73	5.5
59	9	9	7	9	5.33333	0.333333	73	1	0	0	0	0	0	0	0	0	70	5	74	5.66667
59	9	9	7	9	5.33333	0.333333	79	1	0	0	0	0	0	0	0	0	70	5	74	5.66667
59	10	10	6	10	5.33333	0.333333	82	1	0	0	0	0	0	0	0	0	81	5	85	5.66667
59	10	10	6	10	5.33333	0.333333	87	1	0	0	0	0	0	0	0	0	81	5	85	5.66667
60	1	1	15	1	5.5	0.5	35	0	1	0	0	0	0	0	0	0	33	5	34	6
60	2	2	14	2	5.5	0.5	47	0	1	0	0	0	0	0	0	0	45	5	46	6
60	3	3	13	3	5.5	0.5	59	0	1	0	0	0	0	0	0	0	57	5	58	6
60	4	4	12	4	5.5	0.5	59	0	1	0	0	0	0	0	0	0	57	5	58	6
60	6	6	10	6	5.5	0.25	62	0	0	0	0	0	0	0	1	0	62	5.25	61	5.75
60	7	7	9	7	5.5	0.25	65	1	0	0	0	0	0	0	1	0	65	5.25	64	5.75
60	7	7	9	7	5.5	0.25	68	1	0	0	0	0	0	0	1	0	65	5.25	64	5.75
60	8	8	8	8	5.5	0.25	72	1	0	0	0	0	0	0	1	0	72	5.25	70	5.75
60	8	8	8	8	5.5	0.25	76	1	0	0	0	0	0	0	1	0	72	5.25	70	5.75
60	11	11	5	11	5.5	0.5	47	1	1	0	0	0	0	0	0	0	45	5	46	6
60	11	11	5	11	5.5	0.5	59	1	0	0	0	0	0	0	0	0	45	5	46	6
60	12	12	4	12	5.5	0.25	73	0	0	0	0	0	0	0	0	0	70	5.25	78	5.75
60	14	14	2	14	5.5	0.5	88	0	0	0	0	0	0	0	0	0	84	5	82	6
60	15	15	1	15	5.5	0.5	89	0	0	0	0	0	0	0	0	0	102	5	92	6
61	9	9	7	9	5.66667	0.333333	74	1	0	0	0	0	0	0	0	1	73	5.33333	75	6
61	9	9	7	9	5.66667	0.333333	80	1	0	0	0	0	0	0	0	1	73	5.33333	75	6
61	10	10	6	10	5.66667	0.333333	85	1	0	0	0	0	0	0	0	1	82	5.33333	86	6
61	10	10	6	10	5.66667	0.333333	88	1	0	0	0	0	0	0	0	1	82	5.33333	86	6
62	6	6	10	6	5.75	0.25	61	0	0	0	0	0	0	0	0	1	62	5.5	61	6
62	7	7	9	7	5.75	0.25	64	1	0	0	0	0	0	0	0	1	65	5.5	64	6
62	7	7	9	7	5.75	0.25	66	1	0	0	0	0	0	0	0	1	65	5.5	64	6
62	8	8	8	8	5.75	0.25	70	1	0	0	0	0	0	0	0	1	72	5.5	70	6
62	8	8	8	8	5.75	0.25	74	1	0	0	0	0	0	0	0	1	72	5.5	70	6
62	12	12	4	12	5.75	0.25	78	0	0	0	0	0	0	0	0	0	73	5.5	68	6
64	1	1	15	1	6	0.5	34	0	1	0	0	0	0	0	0	0	35	5.5	28	6.5
64	2	2	14	2	6	0.5	46	0	1	0	0	0	0	0	0	0	47	5.5	40	6.5
64	3	3	13	3	6	0.5	58	0	1	0	0	0	0	0	0	0	59	5.5	52	6.5
64	4	4	12	4	6	0.5	58	0	1	0	0	0	0	0	0	0	59	5.5	52	6.5
64	6	6	10	6	6	0.25	61	0	0	0	0	0	0	0	1	0	61	5.75	60	6.25
64	7	7	9	7	6	0.25	64	1	0	0	0	0	0	0	1	0	64	5.75	62	6.25
64	7	7	9	7	6	0.25	66	1	0	0	0	0	0	0	1	0	64	5.75	62	6.25
64	8	8	8	8	6	0.25	70	1	0	0	0	0	0	0	1	0	70	5.75	69	6.25
64	8	8	8	8	6	0.25	74	1	0	0	0	0	0	0	1	0	70	5.75	69	6.25
64	9	9	7	9	6	0.333333	75	1	0	0	0	0	0	0	1	0	74	5.66667	76	6.33333
64	9	9	7	9	6	0.333333	81	1	0	0	0	0	0	0	1	0	74	5.66667	76	6.33333
64	10	10	6	10	6	0.333333	86	1	0	0	0	0	0	0	1	0	85	5.66667	87	6.33333
64	10	10	6	10	6	0.333333	91	1	0	0	0	0	0	0	1	0	85	5.66667	87	6.33333
64	11	11	5	11	6	0.5	46	1	1	0	0	0	0	0	0	0	47	5.5	40	6.5
64	11	11	5	11	6	0.5	58	1	0	0	0	0	0	0	0	0	47	5.5	40	6.5
64	12	12	4	12	6	0.25	68	0	0	0	0	0	0	0	0	0	78	5.75	74	6.25
64	14	14	2	14	6	0.5	82	0	0	0	0	0	0	0	0	0	88	5.5	80	6.5
64	15	15	1	15	6	0.5	92	0	0	0	0	0	0	0	0	0	89	5.5	103	6.5
65	6	6	10	6	6.25	0.25	60	0	0	0	0	0	0	0	0	1	61	6	60	6.5
65	7	7	9	7	6.25	0.25	62	1	0	0	0	0	0	0	0	1	64	6	62	6.5
65	7	7	9	7	6.25	0.25	65	1	0	0	0	0	0	0	0	1	64	6	62	6.5
65	8	8	8	8	6.25	0.25	69	1	0	0	0	0	0	0	0	1	70	6	69	6.5
65	8	8	8	8	6.25	0.25	73	1	0	0	0	0	0	0	0	1	70	6	69	6.5
65	12	12	4	12	6.25	0.25	74	0	0	0	0	0	0	0	0	0	68	6	70	6.5
66	9	9	7	9	6.33333	0.333333	76	1	0	0	0	0	0	0	0	0	75	6	79	6.66667
66	9	9	7	9	6.33333	0.333333	82	1	0	0	0	0	0	0	0	0	75	6	79	6.66667
66	10	10	6	10	6.33333	0.333333	87	1	0	0	0	0	0	0	0	0	86	6	88	6.66667
66	10	10	6	10	6.33333	0.333333	92	1	0	0	0	0	0	0	0	0	86	6	88	6.66667
67	14	14	2	14	6.5	0	80	0	0	0	0	0	0	0	1	0	82	6	89	6.5
67	15	15	1	15	6.5	0	103	0	0	0	0	0	0	0	1	0	92	6	90	6.5
68	1	1	15	1	6.5	0.5	28	0	1	0	0	0	0	0	0	0	34	6	36	7
68	2	2	14	2	6.5	0.5	40	0	1	0	0	0	0	0	0	0	46	6	48	7
68	3	3	13	3	6.5	0.5	52	0	1	0	0	0	0	0	0	0	58	6	0	0
68	4	4	12	4	6.5	0.5	52	0	1	0	0	0	0	0	0	0	58	6	0	0
68	6	6	10	6	6.5	0.25	60	0	0	0	0	0	0	0	1	0	60	6.25	58	6.75
68	7	7	9	7	6.5	0.25	62	1	0	0	0	0	0	0	1	0	62	6.25	61	6.75
68	7	7	9	7	6.5	0.25	65	1	0	0	0	0	0	0	1	0	62	6.25	61	6.75
68	8	8	8	8	6.5	0.25	69	1	0	0	0	0	0	0	1	0	69	6.25	68	6.75
68	8	8	8	8	6.5	0.25	73	1	0	0	0	0	0	0	1	0	69	6.25	68	6.75
68	11	11	5	11	6.5	0.5	40	1	1	0	0	0	0	0	0	0	46	6	48	7
68	11	11	5	11	6.5	0.5	52	1	0	0	0	0	0	0	0	0	46	6	48	7
68	12	12	4	12	6.5	0.25	70	0	0	0	0	0	0	0	0	0	74	6.25	73	6.75
68	14	14	2	14	6.5	0.5	89	0	0	0	0	0	0	0	0	1	80	6.5	88	7
68	15	15	1	15	6.5	0.5	90	0	0	0	0	0	0	0	0	1	103	6.5	98	7
69	9	9	7	9	6.66667	0.333333	79	1	0	0	0	0	0	0	0	0	76	6.33333	80	7
69	9	9	7	9	6.66667	0.333333	85	1	0	0	0	0	0	0	0	0	76	6.33333	80	7
69	10	10	6	10	6.66667	0.333333	88	1	0	0	0	0	0	0	0	0	87	6.33333	91	7
69	10	10	6	10	6.66667	0.333333	93	1	0	0	0	0	0	0	0	0	87	6.33333	91	7
70	6	6	10	6	6.75	0.25	58	0	0	0	0	0	0	0	0	1	60	6.5	58	7
70	7	7	9	7	6.75	0.25	61	1	0	0	0	0	0	0	0	1	62	6.5	61	7
70	7	7	9	7	6.75	0.25	64	1	0	0	0	0	0	0	0	1	62	6.5	61	7
70	8	8	8	8	6.75	0.25	68	1	0	0	0	0	0	0	0	1	69	6.5	68	7
70	8	8	8	8	6.75	0.25	72	1	0	0	0	0	0	0	0	1	69	6.5	68	7
70	12	12	4	12	6.75	0.25	73	0	0	0	0	0	0	0	0	0	70	6.5	78	7
71	1	1	15	1	7	0.5	36	0	1	0	0	0	0	0	0	0	28	6.5	30	7.5
71	2	2	14	2	7	0.5	48	0	1	0	0	0	0	0	0	0	40	6.5	42	7.5
71	6	6	10	6	7	0.25	58	0	0	0	0	0	0	0	1	0	58	6.75	57	7.25
71	7	7	9	7	7	0.25	61	1	0	0	0	0	0	0	1	0	61	6.75	60	7.25
71	7	7	9	7	7	0.25	64	1	0	0	0	0	0	0	1	0	61	6.75	60	7.25
71	8	8	8	8	7	0.25	68	1	0	0	0	0	0	0	1	0	68	6.75	66	7.25
71	8	8	8	8	7	0.25	72	1	0	0	0	0	0	0	1	0	68	6.75	66	7.25
71	9	9	7	9	7	0.333333	80	1	0	0	0	0	0	0	0	0	79	6.66667	81	7.33333
71	9	9	7	9	7	0.333333	86	1	0	0	0	0	0	0	0	0	79	6.66667	81	7.33333
71	10	10	6	10	7	0.333333	91	1	0	0	0	0	0	0	0	0	88	6.66667	92	7.33333
71	10	10	6	10	7	0.333333	94	1	0	0	0	0	0	0	0	0	88	6.66667	92	7.33333
71	11	11	5	11	7	0.5	48	1	1	0	0	0	0	0	0	0	40	6.5	42	7.5
71	11	11	5	11	7	0.5	60	1	0	0	0	0	0	0	0	0	40	6.5	42	7.5
71	12	12	4	12	7	0.25	78	0	0	0	0	0	0	0	0	0	73	6.75	81	7.25
71	13	13	3	13	7	0.5	72	0	0	0	0	0	0	0	0	0	69	5	66	7.5
71	14	14	2	14	7	0.5	88	0	0	0	0	0	0	0	0	0	89	6.5	87	7.5
71	15	15	1	15	7	0.5	98	0	0	0	0	0	0	0	0	0	90	6.5	104	7.5
72	6	6	10	6	7.25	0.25	57	0	0	0	0	0	0	0	0	1	58	7	57	7.5
72	7	7	9	7	7.25	0.25	60	1	0	0	0	0	0	0	0	1	61	7	60	7.5
72	7	7	9	7	7.25	0.25	62	1	0	0	0	0	0	0	0	1	61	7	60	7.5
72	8	8	8	8	7.25	0.25	66	1	0	0	0	0	0	0	0	1	68	7	66	7.5
72	8	8	8	8	7.25	0.25	70	1	0	0	0	0	0	0	0	1	68	7	66	7.5
72	12	12	4	12	7.25	0.25	81	0	0	0	0	0	0	0	0	0	78	7	72	7.5
73	9	9	7	9	7.33333	0.333333	81	1	0	0	0	0	0	0	0	0	80	7	82	7.66667
73	9	9	7	9	7.33333	0.333333	87	1	0	0	0	0	0	0	0	0	80	7	82	7.66667
73	10	10	6	10	7.33333	0.333333	92	1	0	0	0	0	0	0	0	0	91	7	81	7.66667
73	10	10	6	10	7.33333	0.333333	97	1	0	0	0	0	0	0	0	0	91	7	81	7.66667
74	1	1	15	1	7.5	0.5	30	0	1	0	0	0	0	0	0	0	36	7	0	0
74	2	2	14	2	7.5	0.5	42	0	1	0	0	0	0	0	0	0	48	7	0	0
74	6	6	10	6	7.5	0.25	57	0	0	0	0	0	0	0	1	0	57	7.25	56	7.75
74	7	7	9	7	7.5	0.25	60	1	0	0	0	0	0	0	1	0	60	7.25	58	7.75
74	7	7	9	7	7.5	0.25	62	1	0	0	0	0	0	0	1	0	60	7.25	58	7.75
74	8	8	8	8	7.5	0.25	66	1	0	0	0	0	0	0	1	0	66	7.25	65	7.75
74	8	8	8	8	7.5	0.25	70	1	0	0	0	0	0	0	1	0	66	7.25	65	7.75
74	11	11	5	11	7.5	0.5	42	1	1	0	0	0	0	0	0	0	48	7	0	0
74	11	11	5	11	7.5	0.5	54	1	0	0	0	0	0	0	0	0	48	7	0	0
74	12	12	4	12	7.5	0.5	72	0	0	0	0	0	0	0	0	0	81	7.25	0	0
74	13	13	3	13	7.5	0.5	66	0	0	0	0	0	0	0	0	0	72	7	0	0
74	14	14	2	14	7.5	0.5	87	0	0	0	0	0	0	0	0	0	88	7	0	0
74	15	15	1	15	7.5	0.5	104	0	0	0	0	0	0	0	0	0	98	7	0	0
76	9	9	7	9	7.66667	0.333333	82	1	0	0	0	0	0	0	0	1	81	7.33333	0	0
76	9	9	7	9	7.66667	0.333333	88	1	0	0	0	0	0	0	0	1	81	7.33333	0	0
76	10	10	6	10	7.66667	0.333333	81	1	0	0	0	0	0	0	0	1	92	7.33333	0	0
76	10	10	6	10	7.66667	0.333333	86	1	0	0	0	0	0	0	0	1	92	7.33333	0	0
77	6	6	10	6	7.75	0.25	56	0	0	0	0	0	0	0	0	1	57	7.5	0	0
77	7	7	9	7	7.75	0.25	58	1	0	0	0	0	0	0	0	1	60	7.5	0	0
77	7	7	9	7	7.75	0.25	61	1	0	0	0	0	0	0	0	1	60	7.5	0	0
77	8	8	8	8	7.75	0.25	65	1	0	0	0	0	0	0	0	1	66	7.5	0	0
77	8	8	8	8	7.75	0.25	69	1	0	0	0	0	0	0	0	1	66	7.5	0	0
*-	*-	*-	*-	*-	*-	*-	*-	*-	*-	*-	*-	*-	*-	*-	*-	*-	*-	*-	*-	*-
