**line	**field	**track	**staff	**subtrack	**start	**dur	**pitch	**chord	**accent	**marcato	**sforzando	**tenuto	**staccato	**trill	**slur_start	**slur_end	**ppitch	**pstart	**npitch	**nstart
19	1	1	30	1	0	1	35	0	0	0	0	0	1	0	0	0	0	-1	36	3.75
19	13	13	24	13	0	0.5	60	1	0	0	0	0	0	0	0	0	0	-1	63	0.5
19	13	13	24	13	0	0.5	65	1	0	0	0	0	0	0	0	0	0	-1	63	0.5
19	13	13	24	13	0	0.5	66	1	0	0	0	0	0	0	0	0	0	-1	63	0.5
19	14	14	23	14	0	0.25	74	1	0	0	0	0	0	0	0	0	0	-1	72	0.25
19	14	14	23	14	0	0.25	75	1	0	0	0	0	0	0	0	0	0	-1	72	0.25
19	14	14	23	14	0	0.25	79	1	0	0	0	0	0	0	0	0	0	-1	72	0.25
19	14	14	23	14	0	0.25	82	1	0	0	0	0	0	0	0	0	0	-1	72	0.25
19	15	15	22	15	0	0.5	81	1	0	0	0	0	0	0	0	0	0	-1	75	0.5
19	15	15	22	15	0	0.5	83	1	0	0	0	0	0	0	0	0	0	-1	75	0.5
19	16	16	21	16	0	0.25	101	0	0	0	0	0	0	0	0	0	0	-1	88	0.25
19	17	17	20	17	0	1	103	0	0	0	0	0	0	0	0	0	0	-1	97	1
19	18	18	19	18	0	2	-13988	0	0	0	0	0	0	0	0	0	0	-1	-13988	2
19	19	19	18	19	0	0.25	-13988	0	0	0	0	0	0	0	0	0	0	-1	-13988	0.25
19	21	21	17	21	0	0.75	-13988	0	0	0	0	0	0	1	0	0	0	-1	-13988	1.5
19	33	33	11	33	0	1	-13988	0	0	0	0	0	0	0	0	0	0	-1	-13988	1
19	50	50	2	50	0	0.25	89	0	0	0	0	0	0	0	0	0	0	-1	76	0.25
20	3	3	29	3	0.25	0.25	53	0	1	0	0	0	0	0	0	0	0	-1	48	1.75
20	5	5	28	5	0.25	0.25	72	1	1	0	0	0	0	0	0	0	0	-1	54	1.75
20	5	5	28	5	0.25	0.25	79	1	0	0	0	0	0	0	0	0	0	-1	54	1.75
20	7	7	27	7	0.25	0.25	78	1	1	0	0	0	0	0	0	0	0	-1	67	1.75
20	7	7	27	7	0.25	0.25	85	1	0	0	0	0	0	0	0	0	0	-1	67	1.75
20	9	9	26	9	0.25	0.25	80	1	0	0	0	0	0	0	0	0	0	-1	69	1.75
20	9	9	26	9	0.25	0.25	87	1	0	0	0	0	0	0	0	0	0	-1	69	1.75
20	14	14	23	14	0.25	0.5	72	1	0	0	0	0	0	0	0	0	74	0	76	0.75
20	14	14	23	14	0.25	0.5	73	1	0	0	0	0	0	0	0	0	74	0	76	0.75
20	14	14	23	14	0.25	0.5	78	1	0	0	0	0	0	0	0	0	74	0	76	0.75
20	14	14	23	14	0.25	0.5	81	1	0	0	0	0	0	0	0	0	74	0	76	0.75
20	16	16	21	16	0.25	0.25	88	0	0	0	0	0	0	0	0	0	101	0	90	0.5
20	19	19	18	19	0.25	0.25	-13988	0	0	0	0	0	0	0	0	0	-13988	0	-13988	0.5
20	29	29	13	29	0.25	0.75	-13988	0	1	0	0	0	0	0	0	0	0	-1	-13988	1
20	38	38	8	38	0.25	0.25	72	0	1	0	0	0	0	0	0	0	0	-1	72	4.25
20	50	50	2	50	0.25	0.25	76	0	0	0	0	0	0	0	1	0	89	0	78	0.5
21	13	13	24	13	0.5	0.75	63	1	0	0	0	0	0	0	0	0	60	0	65	1.25
21	13	13	24	13	0.5	0.75	68	1	0	0	0	0	0	0	0	0	60	0	65	1.25
21	13	13	24	13	0.5	0.75	69	1	0	0	0	0	0	0	0	0	60	0	65	1.25
21	15	15	22	15	0.5	1.25	75	1	0	0	0	0	0	0	0	0	81	0	80	1.75
21	15	15	22	15	0.5	1.25	77	1	0	0	0	0	0	0	0	0	81	0	80	1.75
21	16	16	21	16	0.5	0.25	90	0	0	0	0	0	0	0	0	0	88	0.25	96	0.75
21	19	19	18	19	0.5	0.5	-13988	0	0	0	0	0	0	0	0	0	-13988	0.25	-13988	1
21	25	25	15	25	0.5	0.5	-13988	0	0	0	0	0	0	0	0	0	0	-1	-13988	1
21	40	40	7	40	0.5	0.25	54	1	0	0	0	0	0	0	0	0	0	-1	28	2
21	40	40	7	40	0.5	0.25	60	1	0	0	0	0	0	0	0	0	0	-1	28	2
21	40	40	7	40	0.5	0.25	65	1	0	0	0	0	0	0	0	0	0	-1	28	2
21	42	42	6	42	0.5	0.25	51	1	0	0	0	0	0	0	0	0	0	-1	34	2
21	42	42	6	42	0.5	0.25	52	1	0	0	0	0	0	0	0	0	0	-1	34	2
21	42	42	6	42	0.5	0.25	57	1	0	0	0	0	0	0	0	0	0	-1	34	2
21	46	46	4	46	0.5	0.25	56	0	0	0	0	0	0	0	0	0	0	-1	56	4.5
21	50	50	2	50	0.5	0.25	78	0	0	0	0	0	0	0	0	0	76	0.25	84	0.75
22	14	14	23	14	0.75	0.5	76	1	0	0	0	0	0	0	0	0	72	0.25	74	1.25
22	14	14	23	14	0.75	0.5	78	1	0	0	0	0	0	0	0	0	72	0.25	74	1.25
22	14	14	23	14	0.75	0.5	80	1	0	0	0	0	0	0	0	0	72	0.25	74	1.25
22	14	14	23	14	0.75	0.5	83	1	0	0	0	0	0	0	0	0	72	0.25	74	1.25
22	16	16	21	16	0.75	0.25	96	0	0	0	0	0	0	0	0	0	90	0.5	98	1
22	31	31	12	31	0.75	0.25	-13988	0	0	0	0	0	0	0	0	0	0	-1	-13988	1
22	50	50	2	50	0.75	0.25	84	0	0	0	0	0	0	0	0	0	78	0.5	86	1
23	16	16	21	16	1	0.25	98	0	0	0	0	0	0	0	0	0	96	0.75	103	1.25
23	17	17	20	17	1	1.25	97	0	0	0	0	0	0	0	0	0	103	0	102	2.25
23	19	19	18	19	1	0.75	-13988	0	1	0	0	0	0	0	0	0	-13988	0.5	-13988	1.75
23	31	31	12	31	1	0.25	-13988	0	0	0	0	0	0	0	0	0	-13988	0.75	-13988	1.25
23	50	50	2	50	1	0.25	86	0	0	0	0	0	0	0	0	1	84	0.75	78	2
24	13	13	24	13	1.25	0.5	65	1	0	0	0	0	0	0	0	0	63	0.5	60	1.75
24	13	13	24	13	1.25	0.5	70	1	0	0	0	0	0	0	0	0	63	0.5	60	1.75
24	13	13	24	13	1.25	0.5	71	1	0	0	0	0	0	0	0	0	63	0.5	60	1.75
24	14	14	23	14	1.25	0.5	74	1	0	0	0	0	0	0	0	0	76	0.75	72	1.75
24	14	14	23	14	1.25	0.5	75	1	0	0	0	0	0	0	0	0	76	0.75	72	1.75
24	14	14	23	14	1.25	0.5	79	1	0	0	0	0	0	0	0	0	76	0.75	72	1.75
24	14	14	23	14	1.25	0.5	82	1	0	0	0	0	0	0	0	0	76	0.75	72	1.75
24	16	16	21	16	1.25	0.25	103	0	0	0	0	0	0	0	0	0	98	1	107	1.5
24	31	31	12	31	1.25	0.25	-13988	0	0	0	0	0	0	0	0	0	-13988	1	-13988	5.25
24	33	33	11	33	1.25	0.75	-13988	0	0	0	0	0	0	0	0	0	-13988	1	-13988	2
24	52	52	1	52	1.25	0.25	91	0	0	0	0	0	0	0	1	0	0	-1	95	1.5
25	16	16	21	16	1.5	0.25	107	0	0	0	0	0	0	0	0	0	103	1.25	96	1.75
25	21	21	17	21	1.5	0.5	-13988	0	0	0	0	0	0	1	0	0	-13988	0	-13988	2
25	52	52	1	52	1.5	0.25	95	0	0	0	0	0	0	0	0	0	91	1.25	84	1.75
27	3	3	29	3	1.75	0.25	48	0	0	0	0	0	0	0	0	0	53	0.25	53	4.25
27	5	5	28	5	1.75	0.25	54	1	0	0	0	0	0	0	0	0	72	0.25	72	4.25
27	5	5	28	5	1.75	0.25	61	1	0	0	0	0	0	0	0	0	72	0.25	72	4.25
27	7	7	27	7	1.75	0.25	67	1	0	0	0	0	0	0	0	0	78	0.25	78	4.25
27	7	7	27	7	1.75	0.25	74	1	0	0	0	0	0	0	0	0	78	0.25	78	4.25
27	9	9	26	9	1.75	0.25	69	1	0	0	0	0	0	0	0	0	80	0.25	80	4.25
27	9	9	26	9	1.75	0.25	76	1	0	0	0	0	0	0	0	0	80	0.25	80	4.25
27	13	13	24	13	1.75	0.5	60	1	0	0	0	0	0	0	0	0	65	1.25	63	2.25
27	13	13	24	13	1.75	0.5	65	1	0	0	0	0	0	0	0	0	65	1.25	63	2.25
27	13	13	24	13	1.75	0.5	66	1	0	0	0	0	0	0	0	0	65	1.25	63	2.25
27	14	14	23	14	1.75	0.5	72	1	0	0	0	0	0	0	0	0	74	1.25	76	2.25
27	14	14	23	14	1.75	0.5	73	1	0	0	0	0	0	0	0	0	74	1.25	76	2.25
27	14	14	23	14	1.75	0.5	78	1	0	0	0	0	0	0	0	0	74	1.25	76	2.25
27	14	14	23	14	1.75	0.5	81	1	0	0	0	0	0	0	0	0	74	1.25	76	2.25
27	15	15	22	15	1.75	0.75	80	1	0	0	0	0	0	0	0	0	75	0.5	74	2.5
27	15	15	22	15	1.75	0.75	82	1	0	0	0	0	0	0	0	0	75	0.5	74	2.5
27	16	16	21	16	1.75	0.25	96	0	0	0	0	0	0	0	0	0	107	1.5	90	2
27	19	19	18	19	1.75	0.25	-13988	0	0	0	0	0	0	0	0	0	-13988	1	-13988	2
27	27	27	14	27	1.75	0.25	-13988	0	0	0	0	0	0	0	0	0	0	-1	-13988	5.75
27	48	48	3	48	1.75	0.25	61	0	0	0	0	0	0	0	0	0	0	-1	61	5.75
27	52	52	1	52	1.75	0.25	84	0	0	0	0	0	0	0	0	1	95	1.5	83	5.5
30	11	11	25	11	2	1	40	0	0	0	0	0	0	0	0	0	0	-1	51	3
30	16	16	21	16	2	0.25	90	0	0	0	0	0	0	0	0	0	96	1.75	89	2.25
30	19	19	18	19	2	0.25	-13988	0	0	0	0	0	0	0	0	0	-13988	1.75	-13988	2.25
30	23	23	16	23	2	2	-13988	0	1	0	0	0	0	0	0	0	0	-1	-13988	4
30	34	34	10	34	2	1.75	38	0	0	0	0	0	0	0	0	0	0	-1	38	6
30	36	36	9	36	2	1.75	40	1	0	0	0	0	0	0	0	0	0	-1	40	6
30	36	36	9	36	2	1.75	44	1	0	0	0	0	0	0	0	0	0	-1	40	6
30	36	36	9	36	2	1.75	47	1	0	0	0	0	0	0	0	0	0	-1	40	6
30	40	40	7	40	2	1.75	28	0	0	0	0	0	0	0	0	0	54	0.5	54	4.5
30	42	42	6	42	2	1.75	34	1	0	0	0	0	0	0	0	0	51	0.5	51	4.5
30	42	42	6	42	2	1.75	38	1	0	0	0	0	0	0	0	0	51	0.5	51	4.5
30	42	42	6	42	2	1.75	41	1	0	0	0	0	0	0	0	0	51	0.5	51	4.5
30	44	44	5	44	2	1.75	45	0	0	0	0	0	0	0	0	0	0	-1	45	6
30	50	50	2	50	2	0.25	78	0	0	0	0	0	0	0	1	0	86	1	77	2.25
31	13	13	24	13	2.25	0.5	63	1	0	0	0	0	0	0	0	0	60	1.75	65	2.75
31	13	13	24	13	2.25	0.5	68	1	0	0	0	0	0	0	0	0	60	1.75	65	2.75
31	13	13	24	13	2.25	0.5	69	1	0	0	0	0	0	0	0	0	60	1.75	65	2.75
31	14	14	23	14	2.25	0.75	76	1	0	0	0	0	0	0	0	0	72	1.75	74	3
31	14	14	23	14	2.25	0.75	78	1	0	0	0	0	0	0	0	0	72	1.75	74	3
31	14	14	23	14	2.25	0.75	80	1	0	0	0	0	0	0	0	0	72	1.75	74	3
31	14	14	23	14	2.25	0.75	83	1	0	0	0	0	0	0	0	0	72	1.75	74	3
31	16	16	21	16	2.25	0.25	89	0	0	0	0	0	0	0	0	0	90	2	91	2.5
31	17	17	20	17	2.25	0.75	102	0	0	0	0	0	0	0	0	0	97	1	96	3
31	19	19	18	19	2.25	0.25	-13988	0	0	0	0	0	0	0	0	0	-13988	2	-13988	2.5
31	50	50	2	50	2.25	0.25	77	0	0	0	0	0	0	0	0	0	78	2	79	2.5
33	19	19	18	19	2.5	0	-13988	0	0	0	0	0	0	0	0	0	-13988	2.25	-13988	2.5
34	15	15	22	15	2.5	0.5	74	1	0	0	0	0	0	0	0	0	80	1.75	72	3
34	15	15	22	15	2.5	0.5	76	1	0	0	0	0	0	0	0	0	80	1.75	72	3
34	16	16	21	16	2.5	0.25	91	0	0	0	0	0	0	0	0	0	89	2.25	92	2.75
34	19	19	18	19	2.5	0.5	-13988	0	0	0	0	1	0	0	0	0	-13988	2.5	-13988	3
34	50	50	2	50	2.5	0.25	79	0	0	0	0	0	0	0	0	0	77	2.25	80	2.75
35	13	13	24	13	2.75	0.5	65	1	0	0	0	0	0	0	0	0	63	2.25	60	3.25
35	13	13	24	13	2.75	0.5	70	1	0	0	0	0	0	0	0	0	63	2.25	60	3.25
35	13	13	24	13	2.75	0.5	71	1	0	0	0	0	0	0	0	0	63	2.25	60	3.25
35	16	16	21	16	2.75	0.25	92	0	0	0	0	0	0	0	0	0	91	2.5	91	3
35	50	50	2	50	2.75	0.25	80	0	0	0	0	0	0	0	0	0	79	2.5	79	3
36	11	11	25	11	3	0.25	51	0	0	0	0	0	0	0	0	0	40	2	40	6
36	14	14	23	14	3	0.75	74	1	0	0	0	0	0	0	0	0	76	2.25	72	3.75
36	14	14	23	14	3	0.75	75	1	0	0	0	0	0	0	0	0	76	2.25	72	3.75
36	14	14	23	14	3	0.75	79	1	0	0	0	0	0	0	0	0	76	2.25	72	3.75
36	14	14	23	14	3	0.75	82	1	0	0	0	0	0	0	0	0	76	2.25	72	3.75
36	15	15	22	15	3	2	72	1	0	0	0	0	0	0	0	0	74	2.5	66	5
36	15	15	22	15	3	2	74	1	0	0	0	0	0	0	0	0	74	2.5	66	5
36	16	16	21	16	3	0.25	91	0	0	0	0	0	0	0	0	0	92	2.75	93	3.25
36	17	17	20	17	3	0.5	96	0	0	0	0	0	0	0	0	0	102	2.25	94	3.5
36	33	33	11	33	3	1	-13988	0	0	0	0	0	0	0	0	0	-13988	2	-13988	4
36	50	50	2	50	3	0.25	79	0	0	0	0	0	0	0	0	0	80	2.75	81	3.25
37	13	13	24	13	3.25	0.75	60	1	0	0	0	0	0	0	0	0	65	2.75	63	4
37	13	13	24	13	3.25	0.75	65	1	0	0	0	0	0	0	0	0	65	2.75	63	4
37	13	13	24	13	3.25	0.75	66	1	0	0	0	0	0	0	0	0	65	2.75	63	4
37	16	16	21	16	3.25	0.25	93	0	0	0	0	0	0	0	0	0	91	3	99	3.5
37	50	50	2	50	3.25	0.25	81	0	0	0	0	0	0	0	0	0	79	3	87	3.5
38	19	19	18	19	3.5	0	-13988	0	0	0	0	0	0	0	0	0	-13988	3	-13988	3.5
39	16	16	21	16	3.5	0.25	99	0	0	0	0	0	0	0	0	0	93	3.25	93	3.75
39	17	17	20	17	3.5	2	94	0	0	0	0	0	0	0	0	0	96	3	88	5.5
39	19	19	18	19	3.5	0.5	-13988	0	0	0	0	1	0	0	0	0	-13988	3.5	-13988	4
39	50	50	2	50	3.5	0.25	87	0	0	0	0	0	0	0	0	0	81	3.25	81	3.75
40	1	1	30	1	3.75	1	36	0	0	0	0	0	0	0	0	0	35	0	37	7.25
40	14	14	23	14	3.75	0.75	72	1	0	0	0	0	0	0	0	0	74	3	76	4.5
40	14	14	23	14	3.75	0.75	73	1	0	0	0	0	0	0	0	0	74	3	76	4.5
40	14	14	23	14	3.75	0.75	78	1	0	0	0	0	0	0	0	0	74	3	76	4.5
40	14	14	23	14	3.75	0.75	81	1	0	0	0	0	0	0	0	0	74	3	76	4.5
40	16	16	21	16	3.75	0.25	93	0	0	0	0	0	0	0	0	0	99	3.5	99	4
40	18	18	19	18	3.75	0.25	-13988	0	0	0	0	0	0	0	0	0	-13988	3	-13988	4
40	50	50	2	50	3.75	0.25	81	0	0	0	0	0	0	0	0	0	87	3.5	87	4
42	13	13	24	13	4	0.75	63	1	0	0	0	0	0	0	0	0	60	3.25	65	4.75
42	13	13	24	13	4	0.75	68	1	0	0	0	0	0	0	0	0	60	3.25	65	4.75
42	13	13	24	13	4	0.75	69	1	0	0	0	0	0	0	0	0	60	3.25	65	4.75
42	16	16	21	16	4	0.25	99	0	0	0	0	0	0	0	0	0	93	3.75	97	4.25
42	50	50	2	50	4	0.25	87	0	0	0	0	0	0	0	0	0	81	3.75	85	4.25
44	3	3	29	3	4.25	0.25	53	0	1	0	0	0	0	0	0	0	48	1.75	48	5.75
44	5	5	28	5	4.25	0.25	72	1	1	0	0	0	0	0	0	0	54	1.75	54	5.75
44	5	5	28	5	4.25	0.25	79	1	0	0	0	0	0	0	0	0	54	1.75	54	5.75
44	7	7	27	7	4.25	0.25	78	1	1	0	0	0	0	0	0	0	67	1.75	67	5.75
44	7	7	27	7	4.25	0.25	85	1	0	0	0	0	0	0	0	0	67	1.75	67	5.75
44	9	9	26	9	4.25	0.25	80	1	0	0	0	0	0	0	0	0	69	1.75	69	5.75
44	9	9	26	9	4.25	0.25	87	1	0	0	0	0	0	0	0	0	69	1.75	69	5.75
44	16	16	21	16	4.25	0.25	97	0	0	0	0	0	0	0	0	0	99	4	91	4.5
44	29	29	13	29	4.25	0.75	-13988	0	1	0	0	0	0	0	0	0	-13988	1	-13988	5
44	38	38	8	38	4.25	0.25	72	0	1	0	0	0	0	0	0	0	72	0.25	0	0
44	50	50	2	50	4.25	0.25	85	0	0	0	0	0	0	0	0	0	87	4	79	4.5
45	19	19	18	19	4.5	0	-13988	0	0	0	0	0	0	0	0	0	-13988	4	-13988	4.5
46	14	14	23	14	4.5	0.25	76	1	0	0	0	0	0	0	0	0	72	3.75	74	4.75
46	14	14	23	14	4.5	0.25	78	1	0	0	0	0	0	0	0	0	72	3.75	74	4.75
46	14	14	23	14	4.5	0.25	80	1	0	0	0	0	0	0	0	0	72	3.75	74	4.75
46	14	14	23	14	4.5	0.25	83	1	0	0	0	0	0	0	0	0	72	3.75	74	4.75
46	16	16	21	16	4.5	0.25	91	0	0	0	0	0	0	0	0	0	97	4.25	97	4.75
46	19	19	18	19	4.5	0.5	-13988	0	0	0	0	1	0	0	0	0	-13988	4.5	-13988	5
46	40	40	7	40	4.5	0.25	54	1	0	0	0	0	0	0	0	0	28	2	28	6
46	40	40	7	40	4.5	0.25	60	1	0	0	0	0	0	0	0	0	28	2	28	6
46	40	40	7	40	4.5	0.25	65	1	0	0	0	0	0	0	0	0	28	2	28	6
46	42	42	6	42	4.5	0.25	51	1	0	0	0	0	0	0	0	0	34	2	34	6
46	42	42	6	42	4.5	0.25	52	1	0	0	0	0	0	0	0	0	34	2	34	6
46	42	42	6	42	4.5	0.25	57	1	0	0	0	0	0	0	0	0	34	2	34	6
46	46	46	4	46	4.5	0.25	56	0	0	0	0	0	0	0	0	0	56	0.5	0	0
46	50	50	2	50	4.5	0.25	79	0	0	0	0	0	0	0	0	0	85	4.25	85	4.75
47	13	13	24	13	4.75	0.75	65	1	0	0	0	0	0	0	0	0	63	4	60	5.5
47	13	13	24	13	4.75	0.75	70	1	0	0	0	0	0	0	0	0	63	4	60	5.5
47	13	13	24	13	4.75	0.75	71	1	0	0	0	0	0	0	0	0	63	4	60	5.5
47	14	14	23	14	4.75	0.5	74	1	0	0	0	0	0	0	0	0	76	4.5	72	5.25
47	14	14	23	14	4.75	0.5	75	1	0	0	0	0	0	0	0	0	76	4.5	72	5.25
47	14	14	23	14	4.75	0.5	79	1	0	0	0	0	0	0	0	0	76	4.5	72	5.25
47	14	14	23	14	4.75	0.5	82	1	0	0	0	0	0	0	0	0	76	4.5	72	5.25
47	16	16	21	16	4.75	0.25	97	0	0	0	0	0	0	0	0	0	91	4.5	86	5
47	25	25	15	25	4.75	0.25	-13988	0	0	0	0	0	0	0	0	0	-13988	1	-13988	5
47	50	50	2	50	4.75	0.25	85	0	0	0	0	0	0	0	0	0	79	4.5	74	5
48	15	15	22	15	5	2.75	66	1	0	0	0	0	0	0	0	0	72	3	77	7.75
48	15	15	22	15	5	2.75	68	1	0	0	0	0	0	0	0	0	72	3	77	7.75
48	16	16	21	16	5	0.25	86	0	0	0	0	0	0	0	0	0	97	4.75	84	5.25
48	33	33	11	33	5	1	-13988	0	0	0	0	0	0	0	0	0	-13988	4	-13988	6
48	50	50	2	50	5	0.25	74	0	0	0	0	0	0	0	0	0	85	4.75	72	5.25
49	14	14	23	14	5.25	0.75	72	1	0	0	0	0	0	0	0	0	74	4.75	76	6
49	14	14	23	14	5.25	0.75	73	1	0	0	0	0	0	0	0	0	74	4.75	76	6
49	14	14	23	14	5.25	0.75	78	1	0	0	0	0	0	0	0	0	74	4.75	76	6
49	14	14	23	14	5.25	0.75	81	1	0	0	0	0	0	0	0	0	74	4.75	76	6
49	16	16	21	16	5.25	0.25	84	0	0	0	0	0	0	0	0	0	86	5	95	5.5
49	31	31	12	31	5.25	0.25	-13988	0	0	0	0	0	0	0	0	0	-13988	1.25	-13988	5.5
49	50	50	2	50	5.25	0.25	72	0	0	0	0	0	0	0	1	1	74	5	83	5.5
50	19	19	18	19	5.5	0	-13988	0	0	0	0	0	0	0	0	0	-13988	5	-13988	5.5
51	19	19	18	19	5.5	0	-13988	0	0	0	0	0	0	0	0	0	-13988	5.5	-13988	5.5
52	19	19	18	19	5.5	0	-13988	0	0	0	0	0	0	0	0	0	-13988	5.5	-13988	5.5
53	13	13	24	13	5.5	0.25	60	1	0	0	0	0	0	0	0	0	65	4.75	63	5.75
53	13	13	24	13	5.5	0.25	65	1	0	0	0	0	0	0	0	0	65	4.75	63	5.75
53	13	13	24	13	5.5	0.25	66	1	0	0	0	0	0	0	0	0	65	4.75	63	5.75
53	16	16	21	16	5.5	0.25	95	0	0	0	0	0	0	0	0	0	84	5.25	106	5.75
53	17	17	20	17	5.5	2.5	88	0	0	0	0	0	0	0	0	0	94	3.5	0	0
53	19	19	18	19	5.5	0.5	-13988	0	1	0	0	0	0	1	0	0	-13988	5.5	-13988	6
53	31	31	12	31	5.5	0.25	-13988	0	0	0	0	0	0	0	0	0	-13988	5.25	-13988	5.75
53	50	50	2	50	5.5	0.25	83	0	0	0	0	0	0	0	0	1	72	5.25	80	6
53	52	52	1	52	5.5	0.25	83	0	0	0	0	0	0	0	1	0	84	1.75	94	5.75
55	3	3	29	3	5.75	0.25	48	0	0	0	0	0	0	0	0	0	53	4.25	0	0
55	5	5	28	5	5.75	0.25	54	1	0	0	0	0	0	0	0	0	72	4.25	0	0
55	5	5	28	5	5.75	0.25	61	1	0	0	0	0	0	0	0	0	72	4.25	0	0
55	7	7	27	7	5.75	0.25	67	1	0	0	0	0	0	0	0	0	78	4.25	0	0
55	7	7	27	7	5.75	0.25	74	1	0	0	0	0	0	0	0	0	78	4.25	0	0
55	9	9	26	9	5.75	0.25	69	1	0	0	0	0	0	0	0	0	80	4.25	0	0
55	9	9	26	9	5.75	0.25	76	1	0	0	0	0	0	0	0	0	80	4.25	0	0
55	13	13	24	13	5.75	0.5	63	1	0	0	0	0	0	0	0	0	60	5.5	65	6.25
55	13	13	24	13	5.75	0.5	68	1	0	0	0	0	0	0	0	0	60	5.5	65	6.25
55	13	13	24	13	5.75	0.5	69	1	0	0	0	0	0	0	0	0	60	5.5	65	6.25
55	16	16	21	16	5.75	0.25	106	0	0	0	0	0	0	0	0	0	95	5.5	92	6
55	27	27	14	27	5.75	0.25	-13988	0	0	0	0	0	0	0	0	0	-13988	1.75	0	0
55	31	31	12	31	5.75	0.25	-13988	0	0	0	0	0	0	0	0	0	-13988	5.5	0	0
55	48	48	3	48	5.75	0.25	61	0	0	0	0	0	0	0	0	0	61	1.75	0	0
55	52	52	1	52	5.75	0.25	94	0	0	0	0	0	0	0	0	1	83	5.5	0	0
57	11	11	25	11	6	1	40	0	0	0	0	0	0	0	0	0	51	3	51	7
57	14	14	23	14	6	1	76	1	0	0	0	0	0	0	0	0	72	5.25	74	7
57	14	14	23	14	6	1	78	1	0	0	0	0	0	0	0	0	72	5.25	74	7
57	14	14	23	14	6	1	80	1	0	0	0	0	0	0	0	0	72	5.25	74	7
57	14	14	23	14	6	1	83	1	0	0	0	0	0	0	0	0	72	5.25	74	7
57	16	16	21	16	6	0.25	92	0	0	0	0	0	0	0	0	0	106	5.75	91	6.25
57	21	21	17	21	6	2	-13988	0	0	0	0	0	0	1	0	0	-13988	5	0	0
57	23	23	16	23	6	2	-13988	0	1	0	0	0	0	0	0	0	-13988	4	0	0
57	34	34	10	34	6	1.75	38	0	0	0	0	0	0	0	0	0	38	2	0	0
57	36	36	9	36	6	1.75	40	1	0	0	0	0	0	0	0	0	40	2	0	0
57	36	36	9	36	6	1.75	44	1	0	0	0	0	0	0	0	0	40	2	0	0
57	36	36	9	36	6	1.75	47	1	0	0	0	0	0	0	0	0	40	2	0	0
57	40	40	7	40	6	1.75	28	0	0	0	0	0	0	0	0	0	54	4.5	0	0
57	42	42	6	42	6	1.75	34	1	0	0	0	0	0	0	0	0	51	4.5	0	0
57	42	42	6	42	6	1.75	38	1	0	0	0	0	0	0	0	0	51	4.5	0	0
57	42	42	6	42	6	1.75	41	1	0	0	0	0	0	0	0	0	51	4.5	0	0
57	44	44	5	44	6	1.75	45	0	0	0	0	0	0	0	0	0	45	2	0	0
57	50	50	2	50	6	0.25	80	0	0	0	0	0	0	0	1	0	83	5.5	79	6.25
58	13	13	24	13	6.25	0.75	65	1	0	0	0	0	0	0	0	0	63	5.75	60	7
58	13	13	24	13	6.25	0.75	70	1	0	0	0	0	0	0	0	0	63	5.75	60	7
58	13	13	24	13	6.25	0.75	71	1	0	0	0	0	0	0	0	0	63	5.75	60	7
58	16	16	21	16	6.25	0.25	91	0	0	0	0	0	0	0	0	0	92	6	85	6.5
58	50	50	2	50	6.25	0.25	79	0	0	0	0	0	0	0	0	0	80	6	73	6.5
59	16	16	21	16	6.5	0.25	85	0	0	0	0	0	0	0	0	0	91	6.25	88	6.75
59	50	50	2	50	6.5	0.25	73	0	0	0	0	0	0	0	0	0	79	6.25	76	6.75
60	16	16	21	16	6.75	0.25	88	0	0	0	0	0	0	0	0	0	85	6.5	93	7
60	50	50	2	50	6.75	0.25	76	0	0	0	0	0	0	0	0	0	73	6.5	81	7
61	11	11	25	11	7	0.25	51	0	0	0	0	0	0	0	0	0	40	6	0	0
61	13	13	24	13	7	1	60	1	0	0	0	0	0	0	0	0	65	6.25	0	0
61	13	13	24	13	7	1	65	1	0	0	0	0	0	0	0	0	65	6.25	0	0
61	13	13	24	13	7	1	66	1	0	0	0	0	0	0	0	0	65	6.25	0	0
61	14	14	23	14	7	1	74	1	0	0	0	0	0	0	0	0	76	6	0	0
61	14	14	23	14	7	1	75	1	0	0	0	0	0	0	0	0	76	6	0	0
61	14	14	23	14	7	1	79	1	0	0	0	0	0	0	0	0	76	6	0	0
61	14	14	23	14	7	1	82	1	0	0	0	0	0	0	0	0	76	6	0	0
61	16	16	21	16	7	0.25	93	0	0	0	0	0	0	0	0	0	88	6.75	98	7.25
61	50	50	2	50	7	0.25	81	0	0	0	0	0	0	0	0	0	76	6.75	86	7.25
62	1	1	30	1	7.25	0.75	37	0	0	0	0	0	0	0	0	0	36	3.75	0	0
62	16	16	21	16	7.25	0.25	98	0	0	0	0	0	0	0	0	0	93	7	92	7.5
62	33	33	11	33	7.25	0.75	-13988	0	0	0	0	0	0	0	0	0	-13988	7	0	0
62	50	50	2	50	7.25	0.25	86	0	0	0	0	0	0	0	0	0	81	7	80	7.5
63	16	16	21	16	7.5	0.25	92	0	0	0	0	0	0	0	0	0	98	7.25	91	7.75
63	19	19	18	19	7.5	0.5	-13988	0	0	0	0	0	0	0	0	0	-13988	6	0	0
63	50	50	2	50	7.5	0.25	80	0	0	0	0	0	0	0	0	0	86	7.25	79	7.75
64	15	15	22	15	7.75	0.25	77	1	0	0	0	0	0	0	0	0	66	5	0	0
64	15	15	22	15	7.75	0.25	79	1	0	0	0	0	0	0	0	0	66	5	0	0
64	16	16	21	16	7.75	0.25	91	0	0	0	0	0	0	0	0	0	92	7.5	0	0
64	18	18	19	18	7.75	0.25	-13988	0	0	0	0	0	0	0	0	0	-13988	7	0	0
64	50	50	2	50	7.75	0.25	79	0	0	0	0	0	0	0	0	1	80	7.5	0	0
*-	*-	*-	*-	*-	*-	*-	*-	*-	*-	*-	*-	*-	*-	*-	*-	*-	*-	*-	*-	*-
