**line	**field	**track	**staff	**subtrack	**start	**dur	**pitch	**chord	**accent	**marcato	**sforzando	**tenuto	**staccato	**trill	**slur_start	**slur_end	**ppitch	**pstart	**npitch	**nstart
18	5	5	4	5	0	0.5	47	0	0	0	0	0	0	0	1	0	0	-1	49	0.5
18	7	7	3	7	0	0.5	59	0	0	0	0	0	0	0	1	0	0	-1	61	0.5
18	9	9	2	9	0	0.5	59	0	0	0	0	0	0	0	1	0	0	-1	61	0.5
18	11	11	1	11	0	0.5	59	0	0	0	0	0	0	0	1	0	0	-1	61	0.5
20	5	5	4	5	0.5	0.5	49	0	0	0	0	0	0	0	0	0	47	0	52	1
20	7	7	3	7	0.5	0.5	61	0	0	0	0	0	0	0	0	0	59	0	64	1
20	9	9	2	9	0.5	0.5	61	0	0	0	0	0	0	0	0	0	59	0	64	1
20	11	11	1	11	0.5	0.5	61	0	0	0	0	0	0	0	0	0	59	0	64	1
21	5	5	4	5	1	0.5	52	0	0	0	0	0	0	0	0	0	49	0.5	54	1.5
21	7	7	3	7	1	0.5	64	0	0	0	0	0	0	0	0	0	61	0.5	66	1.5
21	9	9	2	9	1	0.5	64	0	0	0	0	0	0	0	0	0	61	0.5	66	1.5
21	11	11	1	11	1	0.5	64	0	0	0	0	0	0	0	0	0	61	0.5	66	1.5
22	5	5	4	5	1.5	0.5	54	0	0	0	0	0	0	0	0	0	52	1	56	2
22	7	7	3	7	1.5	0.5	66	0	0	0	0	0	0	0	0	0	64	1	68	2
22	9	9	2	9	1.5	0.5	66	0	0	0	0	0	0	0	0	0	64	1	68	2
22	11	11	1	11	1.5	0.5	66	0	0	0	0	0	0	0	0	0	64	1	68	2
23	2	2	6	2	2	0	52	0	0	0	0	0	0	0	1	0	0	-1	54	2
23	3	3	5	3	2	0	83	0	0	0	0	0	0	0	1	0	0	-1	82	2
24	2	2	6	2	2	0	54	0	0	0	0	0	0	0	0	0	52	2	52	2
24	3	3	5	3	2	0	82	0	0	0	0	0	0	0	0	0	83	2	76	2
25	1	1	7	1	2	3	40	0	0	0	0	0	0	0	0	0	0	-1	40	5
25	2	2	6	2	2	3	52	1	0	0	0	0	0	0	0	1	54	2	52	5
25	2	2	6	2	2	3	56	1	0	0	0	0	0	0	0	1	54	2	52	5
25	2	2	6	2	2	3	59	1	0	0	0	0	0	0	0	1	54	2	52	5
25	3	3	5	3	2	3	76	1	0	0	0	0	0	0	0	1	82	2	83	5
25	3	3	5	3	2	3	80	1	0	0	0	0	0	0	0	1	82	2	83	5
25	3	3	5	3	2	3	83	1	0	0	0	0	0	0	0	1	82	2	83	5
25	5	5	4	5	2	1.5	56	0	0	0	0	0	0	0	0	1	54	1.5	51	3.5
25	7	7	3	7	2	1.5	68	0	0	0	0	0	0	0	0	1	66	1.5	63	3.5
25	9	9	2	9	2	1.5	68	0	0	0	0	0	0	0	0	1	66	1.5	63	3.5
25	11	11	1	11	2	1.5	68	0	0	0	0	0	0	0	0	1	66	1.5	63	3.5
27	5	5	4	5	3.5	0.5	51	0	0	0	0	0	0	0	1	0	56	2	52	4
27	7	7	3	7	3.5	0.5	63	0	0	0	0	0	0	0	1	0	68	2	64	4
27	9	9	2	9	3.5	0.5	63	0	0	0	0	0	0	0	1	0	68	2	64	4
27	11	11	1	11	3.5	0.5	63	0	0	0	0	0	0	0	1	0	68	2	64	4
28	5	5	4	5	4	0.5	52	0	0	0	0	0	0	0	0	0	51	3.5	56	4.5
28	7	7	3	7	4	0.5	64	0	0	0	0	0	0	0	0	0	63	3.5	68	4.5
28	9	9	2	9	4	0.5	64	0	0	0	0	0	0	0	0	0	63	3.5	68	4.5
28	11	11	1	11	4	0.5	64	0	0	0	0	0	0	0	0	0	63	3.5	68	4.5
29	5	5	4	5	4.5	0.5	56	0	0	0	0	0	0	0	0	0	52	4	58	5
29	7	7	3	7	4.5	0.5	68	0	0	0	0	0	0	0	0	0	64	4	70	5
29	9	9	2	9	4.5	0.5	68	0	0	0	0	0	0	0	0	0	64	4	70	5
29	11	11	1	11	4.5	0.5	68	0	0	0	0	0	0	0	0	0	64	4	70	5
30	2	2	6	2	5	0	52	0	0	0	0	0	0	0	1	0	52	2	54	5
30	3	3	5	3	5	0	83	0	0	0	0	0	0	0	1	0	76	2	82	5
31	2	2	6	2	5	0	54	0	0	0	0	0	0	0	0	0	52	5	52	5
31	3	3	5	3	5	0	82	0	0	0	0	0	0	0	0	0	83	5	76	5
32	1	1	7	1	5	3	40	0	0	0	0	0	0	0	0	0	40	2	40	8
32	2	2	6	2	5	3	52	1	0	0	0	0	0	0	0	1	54	5	52	8
32	2	2	6	2	5	3	56	1	0	0	0	0	0	0	0	1	54	5	52	8
32	2	2	6	2	5	3	59	1	0	0	0	0	0	0	0	1	54	5	52	8
32	3	3	5	3	5	3	76	1	0	0	0	0	0	0	0	1	82	5	83	8
32	3	3	5	3	5	3	80	1	0	0	0	0	0	0	0	1	82	5	83	8
32	3	3	5	3	5	3	83	1	0	0	0	0	0	0	0	1	82	5	83	8
32	5	5	4	5	5	0.5	58	0	0	0	0	0	0	0	0	0	56	4.5	59	5.5
32	7	7	3	7	5	0.5	70	0	0	0	0	0	0	0	0	0	68	4.5	71	5.5
32	9	9	2	9	5	0.5	70	0	0	0	0	0	0	0	0	0	68	4.5	71	5.5
32	11	11	1	11	5	0.5	70	0	0	0	0	0	0	0	0	0	68	4.5	71	5.5
33	5	5	4	5	5.5	1.5	59	0	0	0	0	0	0	0	0	1	58	5	56	7
33	7	7	3	7	5.5	1.5	71	0	0	0	0	0	0	0	0	1	70	5	68	7
33	9	9	2	9	5.5	1.5	71	0	0	0	0	0	0	0	0	1	70	5	56	7
33	11	11	1	11	5.5	1.5	71	0	0	0	0	0	0	0	0	1	70	5	68	7
36	5	5	4	5	7	0.5	56	0	0	0	0	0	0	0	1	0	59	5.5	58	7.5
36	7	7	3	7	7	0.5	68	0	0	0	0	0	0	0	1	0	71	5.5	70	7.5
36	9	9	2	9	7	0.5	56	0	0	0	0	0	0	0	1	0	71	5.5	58	7.5
36	11	11	1	11	7	0.5	68	0	0	0	0	0	0	0	1	0	71	5.5	70	7.5
37	5	5	4	5	7.5	0.5	58	0	0	0	0	0	0	0	0	0	56	7	61	8
37	7	7	3	7	7.5	0.5	70	0	0	0	0	0	0	0	0	0	68	7	73	8
37	9	9	2	9	7.5	0.5	58	0	0	0	0	0	0	0	0	0	56	7	61	8
37	11	11	1	11	7.5	0.5	70	0	0	0	0	0	0	0	0	0	68	7	73	8
38	2	2	6	2	8	0	52	0	0	0	0	0	0	0	1	0	52	5	54	8
38	3	3	5	3	8	0	83	0	0	0	0	0	0	0	1	0	76	5	82	8
39	2	2	6	2	8	0	54	0	0	0	0	0	0	0	0	0	52	8	52	8
39	3	3	5	3	8	0	82	0	0	0	0	0	0	0	0	0	83	8	76	8
40	1	1	7	1	8	3	40	0	0	0	0	0	0	0	0	0	40	5	40	11
40	2	2	6	2	8	3	52	1	0	0	0	0	0	0	0	1	54	8	52	11
40	2	2	6	2	8	3	56	1	0	0	0	0	0	0	0	1	54	8	52	11
40	2	2	6	2	8	3	59	1	0	0	0	0	0	0	0	1	54	8	52	11
40	3	3	5	3	8	3	76	1	0	0	0	0	0	0	0	1	82	8	83	11
40	3	3	5	3	8	3	80	1	0	0	0	0	0	0	0	1	82	8	83	11
40	3	3	5	3	8	3	83	1	0	0	0	0	0	0	0	1	82	8	83	11
40	5	5	4	5	8	0.5	61	0	0	0	0	0	0	0	0	0	58	7.5	63	8.5
40	7	7	3	7	8	0.5	73	0	0	0	0	0	0	0	0	0	70	7.5	75	8.5
40	9	9	2	9	8	0.5	61	0	0	0	0	0	0	0	0	0	58	7.5	63	8.5
40	11	11	1	11	8	0.5	73	0	0	0	0	0	0	0	0	0	70	7.5	75	8.5
41	5	5	4	5	8.5	0.5	63	0	0	0	0	0	0	0	0	0	61	8	64	9
41	7	7	3	7	8.5	0.5	75	0	0	0	0	0	0	0	0	0	73	8	76	9
41	9	9	2	9	8.5	0.5	63	0	0	0	0	0	0	0	0	0	61	8	64	9
41	11	11	1	11	8.5	0.5	75	0	0	0	0	0	0	0	0	0	73	8	76	9
42	5	5	4	5	9	1.5	64	0	0	0	0	0	0	0	0	1	63	8.5	64	10.5
42	7	7	3	7	9	1.5	76	0	0	0	0	0	0	0	0	1	75	8.5	76	10.5
42	9	9	2	9	9	1.5	64	0	0	0	0	0	0	0	0	1	63	8.5	64	10.5
42	11	11	1	11	9	1.5	76	0	0	0	0	0	0	0	0	1	75	8.5	76	10.5
47	5	5	4	5	10.5	1	64	0	1	0	0	0	0	0	0	0	64	9	64	11.5
47	7	7	3	7	10.5	1	76	0	1	0	0	0	0	0	0	0	76	9	76	11.5
47	9	9	2	9	10.5	1	64	0	1	0	0	0	0	0	0	0	64	9	64	11.5
47	11	11	1	11	10.5	1	76	0	1	0	0	0	0	0	0	0	76	9	76	11.5
48	2	2	6	2	11	0	52	0	0	0	0	0	0	0	1	0	52	8	54	11
48	3	3	5	3	11	0	83	0	0	0	0	0	0	0	1	0	76	8	82	11
49	2	2	6	2	11	0	54	0	0	0	0	0	0	0	0	0	52	11	52	11
49	3	3	5	3	11	0	82	0	0	0	0	0	0	0	0	0	83	11	76	11
50	1	1	7	1	11	3	40	0	0	0	0	0	0	0	0	0	40	8	40	14
50	2	2	6	2	11	3	52	1	0	0	0	0	0	0	0	1	54	11	48	14
50	2	2	6	2	11	3	56	1	0	0	0	0	0	0	0	1	54	11	48	14
50	2	2	6	2	11	3	59	1	0	0	0	0	0	0	0	1	54	11	48	14
50	3	3	5	3	11	3	76	1	0	0	0	0	0	0	0	1	82	11	84	14
50	3	3	5	3	11	3	80	1	0	0	0	0	0	0	0	1	82	11	84	14
50	3	3	5	3	11	3	83	1	0	0	0	0	0	0	0	1	82	11	84	14
51	5	5	4	5	11.5	1	64	0	1	0	0	0	0	0	0	0	64	10.5	64	12.5
51	7	7	3	7	11.5	1	76	0	1	0	0	0	0	0	0	0	76	10.5	76	12.5
51	9	9	2	9	11.5	1	64	0	1	0	0	0	0	0	0	0	64	10.5	64	12.5
51	11	11	1	11	11.5	1	76	0	1	0	0	0	0	0	0	0	76	10.5	76	12.5
52	5	5	4	5	12.5	1	64	0	1	0	0	0	0	0	0	0	64	11.5	64	13.5
52	7	7	3	7	12.5	1	76	0	1	0	0	0	0	0	0	0	76	11.5	76	13.5
52	9	9	2	9	12.5	1	64	0	1	0	0	0	0	0	0	0	64	11.5	64	13.5
52	11	11	1	11	12.5	1	76	0	1	0	0	0	0	0	0	0	76	11.5	76	13.5
56	5	5	4	5	13.5	1.5	64	0	1	0	0	0	0	0	1	0	64	12.5	48	15
56	7	7	3	7	13.5	1.5	76	0	1	0	0	0	0	0	1	0	76	12.5	60	15
56	9	9	2	9	13.5	1.5	64	0	1	0	0	0	0	0	1	0	64	12.5	60	15
56	11	11	1	11	13.5	1.5	76	0	1	0	0	0	0	0	1	0	76	12.5	60	15
57	2	2	6	2	14	0	48	0	0	0	0	0	0	0	1	0	52	11	51	14
57	3	3	5	3	14	0	84	0	0	0	0	0	0	0	1	0	76	11	82	14
58	2	2	6	2	14	0	51	0	0	0	0	0	0	0	0	0	48	14	52	14
58	3	3	5	3	14	0	82	0	0	0	0	0	0	0	0	0	84	14	75	14
59	1	1	7	1	14	3	40	0	0	0	0	0	0	0	0	0	40	11	40	17
59	2	2	6	2	14	3	52	1	0	0	0	0	0	0	0	1	51	14	48	17
59	2	2	6	2	14	3	56	1	0	0	0	0	0	0	0	1	51	14	48	17
59	2	2	6	2	14	3	60	1	0	0	0	0	0	0	0	1	51	14	48	17
59	3	3	5	3	14	3	75	1	0	0	0	0	0	0	0	1	82	14	84	17
59	3	3	5	3	14	3	80	1	0	0	0	0	0	0	0	1	82	14	84	17
59	3	3	5	3	14	3	85	1	0	0	0	0	0	0	0	1	82	14	84	17
60	5	5	4	5	15	0.5	48	0	0	0	0	0	0	0	0	1	64	13.5	48	15.5
60	7	7	3	7	15	0.5	60	0	0	0	0	0	0	0	0	1	76	13.5	60	15.5
60	9	9	2	9	15	0.5	60	0	0	0	0	0	0	0	0	1	64	13.5	60	15.5
60	11	11	1	11	15	0.5	60	0	0	0	0	0	0	0	0	1	76	13.5	60	15.5
61	5	5	4	5	15.5	2.5	48	0	0	0	0	0	0	0	0	0	48	15	48	19
61	7	7	3	7	15.5	2.5	60	0	0	0	0	0	0	0	0	0	60	15	60	19
61	9	9	2	9	15.5	2.5	60	0	0	0	0	0	0	0	0	0	60	15	60	19
61	11	11	1	11	15.5	2.5	60	0	0	0	0	0	0	0	0	0	60	15	60	19
62	2	2	6	2	17	0	48	0	0	0	0	0	0	0	1	0	52	14	51	17
62	3	3	5	3	17	0	84	0	0	0	0	0	0	0	1	0	75	14	82	17
63	2	2	6	2	17	0	51	0	0	0	0	0	0	0	0	0	48	17	52	17
63	3	3	5	3	17	0	82	0	0	0	0	0	0	0	0	0	84	17	75	17
64	1	1	7	1	17	6	40	0	0	0	0	0	0	0	0	0	40	14	40	23
64	2	2	6	2	17	3	52	1	0	0	0	0	0	0	0	1	51	17	48	20
64	2	2	6	2	17	3	56	1	0	0	0	0	0	0	0	1	51	17	48	20
64	2	2	6	2	17	3	60	1	0	0	0	0	0	0	0	1	51	17	48	20
64	3	3	5	3	17	3	75	1	0	0	0	0	0	0	0	1	82	17	84	20
64	3	3	5	3	17	3	80	1	0	0	0	0	0	0	0	1	82	17	84	20
64	3	3	5	3	17	3	85	1	0	0	0	0	0	0	0	1	82	17	84	20
68	5	5	4	5	19	0.5	48	0	0	0	0	0	0	0	0	0	48	15.5	48	19.5
68	7	7	3	7	19	0.5	60	0	0	0	0	0	0	0	0	0	60	15.5	60	19.5
68	9	9	2	9	19	0.5	60	0	0	0	0	0	0	0	0	0	60	15.5	60	19.5
68	11	11	1	11	19	0.5	60	0	0	0	0	0	0	0	0	0	60	15.5	60	19.5
69	5	5	4	5	19.5	0.5	48	0	0	0	0	0	0	0	0	0	48	19	48	20
69	7	7	3	7	19.5	0.5	60	0	0	0	0	0	0	0	0	0	60	19	60	20
69	9	9	2	9	19.5	0.5	60	0	0	0	0	0	0	0	0	0	60	19	60	20
69	11	11	1	11	19.5	0.5	60	0	0	0	0	0	0	0	0	0	60	19	60	20
70	2	2	6	2	20	0	48	0	0	0	0	0	0	0	1	0	52	17	51	20
70	3	3	5	3	20	0	84	0	0	0	0	0	0	0	1	0	75	17	82	20
71	2	2	6	2	20	0	51	0	0	0	0	0	0	0	0	0	48	20	52	20
71	3	3	5	3	20	0	82	0	0	0	0	0	0	0	0	0	84	20	75	20
72	2	2	6	2	20	3	52	1	0	0	0	0	0	0	0	1	51	20	48	23
72	2	2	6	2	20	3	56	1	0	0	0	0	0	0	0	1	51	20	48	23
72	2	2	6	2	20	3	60	1	0	0	0	0	0	0	0	1	51	20	48	23
72	3	3	5	3	20	3	75	1	0	0	0	0	0	0	0	1	82	20	84	23
72	3	3	5	3	20	3	80	1	0	0	0	0	0	0	0	1	82	20	84	23
72	3	3	5	3	20	3	85	1	0	0	0	0	0	0	0	1	82	20	84	23
72	5	5	4	5	20	0.5	48	0	0	0	0	0	0	0	0	0	48	19.5	50	20.5
72	7	7	3	7	20	0.5	60	0	0	0	0	0	0	0	0	0	60	19.5	62	20.5
72	9	9	2	9	20	0.5	60	0	0	0	0	0	0	0	0	0	60	19.5	62	20.5
72	11	11	1	11	20	0.5	60	0	0	0	0	0	0	0	0	0	60	19.5	62	20.5
73	5	5	4	5	20.5	0.5	50	0	0	0	0	0	0	0	0	0	48	20	51	21
73	7	7	3	7	20.5	0.5	62	0	0	0	0	0	0	0	0	0	60	20	63	21
73	9	9	2	9	20.5	0.5	62	0	0	0	0	0	0	0	0	0	60	20	63	21
73	11	11	1	11	20.5	0.5	62	0	0	0	0	0	0	0	0	0	60	20	63	21
74	5	5	4	5	21	0.5	51	0	0	0	0	0	0	0	0	0	50	20.5	50	21.5
74	7	7	3	7	21	0.5	63	0	0	0	0	0	0	0	0	0	62	20.5	62	21.5
74	9	9	2	9	21	0.5	63	0	0	0	0	0	0	0	0	0	62	20.5	62	21.5
74	11	11	1	11	21	0.5	63	0	0	0	0	0	0	0	0	0	62	20.5	62	21.5
75	5	5	4	5	21.5	0.5	50	0	0	0	0	0	0	0	0	0	51	21	48	22
75	7	7	3	7	21.5	0.5	62	0	0	0	0	0	0	0	0	0	63	21	60	22
75	9	9	2	9	21.5	0.5	62	0	0	0	0	0	0	0	0	0	63	21	60	22
75	11	11	1	11	21.5	0.5	62	0	0	0	0	0	0	0	0	0	63	21	60	22
76	5	5	4	5	22	0.5	48	0	0	0	0	0	0	0	0	0	50	21.5	55	22.5
76	7	7	3	7	22	0.5	60	0	0	0	0	0	0	0	0	0	62	21.5	67	22.5
76	9	9	2	9	22	0.5	60	0	0	0	0	0	0	0	0	0	62	21.5	67	22.5
76	11	11	1	11	22	0.5	60	0	0	0	0	0	0	0	0	0	62	21.5	67	22.5
79	5	5	4	5	22.5	0.5	55	0	0	0	0	0	0	0	0	0	48	22	55	23
79	7	7	3	7	22.5	0.5	67	0	0	0	0	0	0	0	0	0	60	22	67	23
79	9	9	2	9	22.5	0.5	67	0	0	0	0	0	0	0	0	0	60	22	67	23
79	11	11	1	11	22.5	0.5	67	0	0	0	0	0	0	0	0	0	60	22	67	23
80	2	2	6	2	23	0	48	0	0	0	0	0	0	0	1	0	52	20	51	23
80	3	3	5	3	23	0	84	0	0	0	0	0	0	0	1	0	75	20	82	23
81	2	2	6	2	23	0	51	0	0	0	0	0	0	0	0	0	48	23	52	23
81	3	3	5	3	23	0	82	0	0	0	0	0	0	0	0	0	84	23	75	23
82	1	1	7	1	23	3	40	0	0	0	0	0	0	0	0	0	40	17	36	26
82	2	2	6	2	23	3	52	1	0	0	0	0	0	0	0	1	51	23	52	26
82	2	2	6	2	23	3	56	1	0	0	0	0	0	0	0	1	51	23	52	26
82	2	2	6	2	23	3	60	1	0	0	0	0	0	0	0	1	51	23	52	26
82	3	3	5	3	23	3	75	1	0	0	0	0	0	0	0	1	82	23	84	26
82	3	3	5	3	23	3	80	1	0	0	0	0	0	0	0	1	82	23	84	26
82	3	3	5	3	23	3	85	1	0	0	0	0	0	0	0	1	82	23	84	26
82	5	5	4	5	23	0.5	55	0	0	0	0	0	0	0	0	0	55	22.5	55	23.5
82	7	7	3	7	23	0.5	67	0	0	0	0	0	0	0	0	0	67	22.5	67	23.5
82	9	9	2	9	23	0.5	67	0	0	0	0	0	0	0	0	0	67	22.5	67	23.5
82	11	11	1	11	23	0.5	67	0	0	0	0	0	0	0	0	0	67	22.5	67	23.5
83	5	5	4	5	23.5	0.5	55	0	0	0	0	0	0	0	0	0	55	23	53	24
83	7	7	3	7	23.5	0.5	67	0	0	0	0	0	0	0	0	0	67	23	65	24
83	9	9	2	9	23.5	0.5	67	0	0	0	0	0	0	0	0	0	67	23	65	24
83	11	11	1	11	23.5	0.5	67	0	0	0	0	0	0	0	0	0	67	23	65	24
84	5	5	4	5	24	0.5	53	0	0	0	0	0	0	0	0	0	55	23.5	51	24.5
84	7	7	3	7	24	0.5	65	0	0	0	0	0	0	0	0	0	67	23.5	63	24.5
84	9	9	2	9	24	0.5	65	0	0	0	0	0	0	0	0	0	67	23.5	63	24.5
84	11	11	1	11	24	0.5	65	0	0	0	0	0	0	0	0	0	67	23.5	63	24.5
85	5	5	4	5	24.5	0.5	51	0	0	0	0	0	0	0	0	0	53	24	48	25
85	7	7	3	7	24.5	0.5	63	0	0	0	0	0	0	0	0	0	65	24	60	25
85	9	9	2	9	24.5	0.5	63	0	0	0	0	0	0	0	0	0	65	24	60	25
85	11	11	1	11	24.5	0.5	63	0	0	0	0	0	0	0	0	0	65	24	60	25
88	5	5	4	5	25	1	48	0	0	0	0	0	0	0	0	0	51	24.5	48	26
88	7	7	3	7	25	1	60	0	0	0	0	0	0	0	0	0	63	24.5	60	26
88	9	9	2	9	25	1	60	0	0	0	0	0	0	0	0	0	63	24.5	60	26
88	11	11	1	11	25	1	60	0	0	0	0	0	0	0	0	0	63	24.5	60	26
90	2	2	6	2	26	0	52	0	0	0	0	0	0	0	1	0	52	23	54	26
90	3	3	5	3	26	0	84	0	0	0	0	0	0	0	1	0	75	23	86	26
91	2	2	6	2	26	0	54	0	0	0	0	0	0	0	0	0	52	26	52	26
91	3	3	5	3	26	0	86	0	0	0	0	0	0	0	0	0	84	26	76	26
92	1	1	7	1	26	3	36	0	0	0	0	0	0	0	0	0	40	23	0	0
92	2	2	6	2	26	3	52	1	0	0	0	0	0	0	0	1	54	26	0	0
92	2	2	6	2	26	3	55	1	0	0	0	0	0	0	0	1	54	26	0	0
92	2	2	6	2	26	3	60	1	0	0	0	0	0	0	0	1	54	26	0	0
92	3	3	5	3	26	3	76	1	0	0	0	0	0	0	0	1	86	26	0	0
92	3	3	5	3	26	3	79	1	0	0	0	0	0	0	0	1	86	26	0	0
92	3	3	5	3	26	3	84	1	0	0	0	0	0	0	0	1	86	26	0	0
92	5	5	4	5	26	1	48	0	0	0	0	0	0	0	0	0	48	25	0	0
92	7	7	3	7	26	1	60	0	0	0	0	0	0	0	0	0	60	25	0	0
92	9	9	2	9	26	1	60	0	0	0	0	0	0	0	0	0	60	25	0	0
92	11	11	1	11	26	1	60	0	0	0	0	0	0	0	0	0	60	25	0	0
*-	*-	*-	*-	*-	*-	*-	*-	*-	*-	*-	*-	*-	*-	*-	*-	*-	*-	*-	*-	*-
