**line	**field	**track	**staff	**subtrack	**start	**dur	**pitch	**chord	**accent	**marcato	**sforzando	**tenuto	**staccato	**trill	**slur_start	**slur_end	**ppitch	**pstart	**npitch	**nstart
18	1	1	11	1	0	0.25	53	0	0	0	0	0	0	0	1	0	0	-1	55	0.25
18	3	3	10	3	0	0.25	53	0	0	0	0	0	0	0	1	0	0	-1	55	0.25
18	5	5	9	5	0	0.25	65	0	0	0	0	0	0	0	1	0	0	-1	67	0.25
18	7	7	8	7	0	0.5	-13988	0	0	0	0	0	0	1	0	0	0	-1	-13988	2
18	11	11	6	11	0	0.5	45	0	0	0	0	0	1	0	0	0	0	-1	45	0.5
18	13	13	5	13	0	0.5	45	1	0	0	0	0	1	0	0	0	0	-1	45	0.5
18	13	13	5	13	0	0.5	48	1	0	0	0	0	0	0	0	0	0	-1	45	0.5
18	15	15	4	15	0	0.5	58	0	0	0	0	0	1	0	0	0	0	-1	57	0.5
18	17	17	3	17	0	0.5	58	1	0	0	0	0	1	0	0	0	0	-1	57	0.5
18	17	17	3	17	0	0.5	60	1	0	0	0	0	0	0	0	0	0	-1	57	0.5
18	19	19	2	19	0	0.5	55	1	0	0	0	0	1	0	0	0	0	-1	55	0.5
18	19	19	2	19	0	0.5	67	1	0	0	0	0	0	0	0	0	0	-1	55	0.5
18	21	21	1	21	0	0.5	55	1	0	0	0	0	1	0	0	0	0	-1	55	0.5
18	21	21	1	21	0	0.5	67	1	0	0	0	0	0	0	0	0	0	-1	55	0.5
19	1	1	11	1	0.25	0.5	55	0	0	0	0	0	0	0	0	0	53	0	53	0.75
19	3	3	10	3	0.25	0.5	55	0	0	0	0	0	0	0	0	0	53	0	53	0.75
19	5	5	9	5	0.25	0.5	67	0	0	0	0	0	0	0	0	0	65	0	65	0.75
20	9	9	7	9	0.5	0.5	48	0	0	0	0	0	1	0	0	0	0	-1	48	1.5
20	11	11	6	11	0.5	0.5	45	0	0	0	0	0	1	0	0	0	45	0	43	1.5
20	13	13	5	13	0.5	0.5	45	1	0	0	0	0	1	0	0	0	45	0	43	1.5
20	13	13	5	13	0.5	0.5	48	1	0	0	0	0	0	0	0	0	45	0	43	1.5
20	15	15	4	15	0.5	0.5	57	0	0	0	0	0	1	0	0	0	58	0	57	1.5
20	17	17	3	17	0.5	0.5	57	1	0	0	0	0	1	0	0	0	58	0	57	1.5
20	17	17	3	17	0.5	0.5	60	1	0	0	0	0	0	0	0	0	58	0	57	1.5
20	19	19	2	19	0.5	0.5	55	1	0	0	0	0	1	0	0	0	55	0	55	1.5
20	19	19	2	19	0.5	0.5	67	1	0	0	0	0	0	0	0	0	55	0	55	1.5
20	21	21	1	21	0.5	0.5	55	1	0	0	0	0	1	0	0	0	55	0	55	1.5
20	21	21	1	21	0.5	0.5	67	1	0	0	0	0	0	0	0	0	55	0	55	1.5
21	1	1	11	1	0.75	0.25	53	0	0	0	0	0	0	0	0	1	55	0.25	53	1
21	3	3	10	3	0.75	0.25	53	0	0	0	0	0	0	0	0	1	55	0.25	53	1
21	5	5	9	5	0.75	0.25	65	0	0	0	0	0	0	0	0	1	67	0.25	65	1
22	1	1	11	1	1	0.5	53	0	0	0	0	0	0	0	0	0	53	0.75	53	1.5
22	3	3	10	3	1	0.5	53	0	0	0	0	0	0	0	0	0	53	0.75	53	1.5
22	5	5	9	5	1	0.5	65	0	0	0	0	0	0	0	0	0	65	0.75	65	1.5
23	1	1	11	1	1.5	1	53	0	0	0	0	0	0	0	1	0	53	1	50	2.5
23	3	3	10	3	1.5	1	53	0	0	0	0	0	0	0	1	0	53	1	50	2.5
23	5	5	9	5	1.5	1	65	0	0	0	0	0	0	0	1	0	65	1	62	2.5
23	9	9	7	9	1.5	0.5	48	0	0	0	0	0	0	1	0	0	48	0.5	48	3.5
23	11	11	6	11	1.5	0.5	43	0	0	0	0	0	1	0	0	0	45	0.5	43	2
23	13	13	5	13	1.5	0.5	43	1	0	0	0	0	1	0	0	0	45	0.5	43	2
23	13	13	5	13	1.5	0.5	48	1	0	0	0	0	0	0	0	0	45	0.5	43	2
23	15	15	4	15	1.5	0.5	57	0	0	0	0	0	1	0	0	0	57	0.5	58	2
23	17	17	3	17	1.5	0.5	57	1	0	0	0	0	1	0	0	0	57	0.5	58	2
23	17	17	3	17	1.5	0.5	60	1	0	0	0	0	0	0	0	0	57	0.5	58	2
23	19	19	2	19	1.5	0.5	55	1	0	0	0	0	1	0	0	0	55	0.5	55	2
23	19	19	2	19	1.5	0.5	67	1	0	0	0	0	0	0	0	0	55	0.5	55	2
23	21	21	1	21	1.5	0.5	55	1	0	0	0	0	1	0	0	0	55	0.5	55	2
23	21	21	1	21	1.5	0.5	67	1	0	0	0	0	0	0	0	0	55	0.5	55	2
24	7	7	8	7	2	0.5	-13988	0	0	0	0	0	1	0	0	0	-13988	0	-13988	3
24	11	11	6	11	2	0.5	43	0	0	0	0	0	1	0	0	0	43	1.5	45	3
24	13	13	5	13	2	0.5	43	1	0	0	0	0	1	0	0	0	43	1.5	45	3
24	13	13	5	13	2	0.5	48	1	0	0	0	0	0	0	0	0	43	1.5	45	3
24	15	15	4	15	2	0.5	58	0	0	0	0	0	1	0	0	0	57	1.5	58	3
24	17	17	3	17	2	0.5	58	1	0	0	0	0	1	0	0	0	57	1.5	58	3
24	17	17	3	17	2	0.5	60	1	0	0	0	0	0	0	0	0	57	1.5	58	3
24	19	19	2	19	2	0.5	55	1	0	0	0	0	1	0	0	0	55	1.5	55	3
24	19	19	2	19	2	0.5	67	1	0	0	0	0	0	0	0	0	55	1.5	55	3
24	21	21	1	21	2	0.5	55	1	0	0	0	0	1	0	0	0	55	1.5	55	3
24	21	21	1	21	2	0.5	67	1	0	0	0	0	0	0	0	0	55	1.5	55	3
25	1	1	11	1	2.5	1.5	50	0	0	0	0	0	0	0	0	0	53	1.5	50	4.5
25	3	3	10	3	2.5	1.5	50	0	0	0	0	0	0	0	0	0	53	1.5	50	4.5
25	5	5	9	5	2.5	1.5	62	0	0	0	0	0	0	0	0	0	65	1.5	62	4.5
27	7	7	8	7	3	0.5	-13988	0	0	0	0	0	0	1	0	0	-13988	2	-13988	5
27	11	11	6	11	3	0.5	45	0	0	0	0	0	1	0	0	0	43	2	45	3.5
27	13	13	5	13	3	0.5	45	1	0	0	0	0	1	0	0	0	43	2	45	3.5
27	13	13	5	13	3	0.5	48	1	0	0	0	0	0	0	0	0	43	2	45	3.5
27	15	15	4	15	3	0.5	58	0	0	0	0	0	1	0	0	0	58	2	57	3.5
27	17	17	3	17	3	0.5	58	1	0	0	0	0	1	0	0	0	58	2	57	3.5
27	17	17	3	17	3	0.5	60	1	0	0	0	0	0	0	0	0	58	2	57	3.5
27	19	19	2	19	3	0.5	55	1	0	0	0	0	1	0	0	0	55	2	55	3.5
27	19	19	2	19	3	0.5	67	1	0	0	0	0	0	0	0	0	55	2	55	3.5
27	21	21	1	21	3	0.5	55	1	0	0	0	0	1	0	0	0	55	2	55	3.5
27	21	21	1	21	3	0.5	67	1	0	0	0	0	0	0	0	0	55	2	55	3.5
28	9	9	7	9	3.5	0.5	48	0	0	0	0	0	1	0	0	0	48	1.5	48	4.5
28	11	11	6	11	3.5	0.5	45	0	0	0	0	0	1	0	0	0	45	3	43	4.5
28	13	13	5	13	3.5	0.5	45	1	0	0	0	0	1	0	0	0	45	3	43	4.5
28	13	13	5	13	3.5	0.5	48	1	0	0	0	0	0	0	0	0	45	3	43	4.5
28	15	15	4	15	3.5	0.5	57	0	0	0	0	0	1	0	0	0	58	3	57	4.5
28	17	17	3	17	3.5	0.5	57	1	0	0	0	0	1	0	0	0	58	3	57	4.5
28	17	17	3	17	3.5	0.5	60	1	0	0	0	0	0	0	0	0	58	3	57	4.5
28	19	19	2	19	3.5	0.5	55	1	0	0	0	0	1	0	0	0	55	3	55	4.5
28	19	19	2	19	3.5	0.5	67	1	0	0	0	0	0	0	0	0	55	3	55	4.5
28	21	21	1	21	3.5	0.5	55	1	0	0	0	0	1	0	0	0	55	3	55	4.5
28	21	21	1	21	3.5	0.5	67	1	0	0	0	0	0	0	0	0	55	3	55	4.5
30	1	1	11	1	4.5	0.5	50	0	0	0	0	0	0	0	0	0	50	2.5	52	5
30	3	3	10	3	4.5	0.5	50	0	0	0	0	0	0	0	0	0	50	2.5	52	5
30	5	5	9	5	4.5	0.5	62	0	0	0	0	0	0	0	0	0	62	2.5	64	5
30	9	9	7	9	4.5	0.5	48	0	0	0	0	0	0	1	0	0	48	3.5	50	6.5
30	11	11	6	11	4.5	0.5	43	0	0	0	0	0	1	0	0	0	45	3.5	43	5
30	13	13	5	13	4.5	0.5	43	1	0	0	0	0	1	0	0	0	45	3.5	43	5
30	13	13	5	13	4.5	0.5	48	1	0	0	0	0	0	0	0	0	45	3.5	43	5
30	15	15	4	15	4.5	0.5	57	0	0	0	0	0	1	0	0	0	57	3.5	58	5
30	17	17	3	17	4.5	0.5	57	1	0	0	0	0	1	0	0	0	57	3.5	58	5
30	17	17	3	17	4.5	0.5	60	1	0	0	0	0	0	0	0	0	57	3.5	58	5
30	19	19	2	19	4.5	0.5	55	1	0	0	0	0	1	0	0	0	55	3.5	55	5
30	19	19	2	19	4.5	0.5	67	1	0	0	0	0	0	0	0	0	55	3.5	55	5
30	21	21	1	21	4.5	0.5	55	1	0	0	0	0	1	0	0	0	55	3.5	55	5
30	21	21	1	21	4.5	0.5	67	1	0	0	0	0	0	0	0	0	55	3.5	55	5
31	1	1	11	1	5	0.5	52	0	0	0	0	0	0	0	0	0	50	4.5	53	5.5
31	3	3	10	3	5	0.5	52	0	0	0	0	0	0	0	0	0	50	4.5	53	5.5
31	5	5	9	5	5	0.5	64	0	0	0	0	0	0	0	0	0	62	4.5	65	5.5
31	7	7	8	7	5	0.5	-13988	0	0	0	0	0	1	0	0	0	-13988	3	-13988	6
31	11	11	6	11	5	0.5	43	0	0	0	0	0	1	0	0	0	43	4.5	42	6
31	13	13	5	13	5	0.5	43	1	0	0	0	0	1	0	0	0	43	4.5	42	6
31	13	13	5	13	5	0.5	48	1	0	0	0	0	0	0	0	0	43	4.5	42	6
31	15	15	4	15	5	0.5	58	0	0	0	0	0	1	0	0	0	57	4.5	58	6
31	17	17	3	17	5	0.5	58	1	0	0	0	0	1	0	0	0	57	4.5	58	6
31	17	17	3	17	5	0.5	60	1	0	0	0	0	0	0	0	0	57	4.5	58	6
31	19	19	2	19	5	0.5	55	1	0	0	0	0	1	0	0	0	55	4.5	57	6
31	19	19	2	19	5	0.5	67	1	0	0	0	0	0	0	0	0	55	4.5	57	6
31	21	21	1	21	5	0.5	55	1	0	0	0	0	1	0	0	0	55	4.5	57	6
31	21	21	1	21	5	0.5	67	1	0	0	0	0	0	0	0	0	55	4.5	57	6
32	1	1	11	1	5.5	0.5	53	0	0	0	0	0	0	0	0	0	52	5	55	6
32	3	3	10	3	5.5	0.5	53	0	0	0	0	0	0	0	0	0	52	5	55	6
32	5	5	9	5	5.5	0.5	65	0	0	0	0	0	0	0	0	0	64	5	67	6
34	1	1	11	1	6	1	55	0	0	0	0	1	0	0	0	0	53	5.5	57	7
34	3	3	10	3	6	1	55	0	0	0	0	1	0	0	0	0	53	5.5	57	7
34	5	5	9	5	6	1	67	0	0	0	0	1	0	0	0	0	65	5.5	69	7
34	7	7	8	7	6	0.5	-13988	0	0	0	0	0	0	1	0	0	-13988	5	-13988	8
34	11	11	6	11	6	0.5	42	0	0	0	0	0	1	0	0	0	43	5	42	6.5
34	13	13	5	13	6	0.5	42	1	0	0	0	0	1	0	0	0	43	5	42	6.5
34	13	13	5	13	6	0.5	50	1	0	0	0	0	0	0	0	0	43	5	42	6.5
34	15	15	4	15	6	0.5	58	0	0	0	0	0	1	0	0	0	58	5	57	6.5
34	17	17	3	17	6	0.5	58	1	0	0	0	0	1	0	0	0	58	5	57	6.5
34	17	17	3	17	6	0.5	62	1	0	0	0	0	0	0	0	0	58	5	57	6.5
34	19	19	2	19	6	0.5	57	1	0	0	0	0	1	0	0	0	55	5	57	6.5
34	19	19	2	19	6	0.5	69	1	0	0	0	0	0	0	0	0	55	5	57	6.5
34	21	21	1	21	6	0.5	57	1	0	0	0	0	1	0	0	0	55	5	57	6.5
34	21	21	1	21	6	0.5	69	1	0	0	0	0	0	0	0	0	55	5	57	6.5
35	9	9	7	9	6.5	0.5	50	0	0	0	0	0	1	0	0	0	48	4.5	48	7.5
35	11	11	6	11	6.5	0.5	42	0	0	0	0	0	1	0	0	0	42	6	43	7.5
35	13	13	5	13	6.5	0.5	42	1	0	0	0	0	1	0	0	0	42	6	43	7.5
35	13	13	5	13	6.5	0.5	50	1	0	0	0	0	0	0	0	0	42	6	43	7.5
35	15	15	4	15	6.5	0.5	57	0	0	0	0	0	1	0	0	0	58	6	57	7.5
35	17	17	3	17	6.5	0.5	57	1	0	0	0	0	1	0	0	0	58	6	57	7.5
35	17	17	3	17	6.5	0.5	62	1	0	0	0	0	0	0	0	0	58	6	57	7.5
35	19	19	2	19	6.5	0.5	57	1	0	0	0	0	1	0	0	0	57	6	55	7.5
35	19	19	2	19	6.5	0.5	69	1	0	0	0	0	0	0	0	0	57	6	55	7.5
35	21	21	1	21	6.5	0.5	57	1	0	0	0	0	1	0	0	0	57	6	55	7.5
35	21	21	1	21	6.5	0.5	69	1	0	0	0	0	0	0	0	0	57	6	55	7.5
36	1	1	11	1	7	1	57	0	0	0	0	1	0	0	0	0	55	6	54	8
36	3	3	10	3	7	1	57	0	0	0	0	1	0	0	0	0	55	6	54	8
36	5	5	9	5	7	1	69	0	0	0	0	1	0	0	0	0	67	6	66	8
37	9	9	7	9	7.5	0.5	48	0	0	0	0	0	0	1	0	0	50	6.5	50	9.5
37	11	11	6	11	7.5	0.5	43	0	0	0	0	0	1	0	0	0	42	6.5	43	8
37	13	13	5	13	7.5	0.5	43	1	0	0	0	0	1	0	0	0	42	6.5	43	8
37	13	13	5	13	7.5	0.5	48	1	0	0	0	0	0	0	0	0	42	6.5	43	8
37	15	15	4	15	7.5	0.5	57	0	0	0	0	0	1	0	0	0	57	6.5	58	8
37	17	17	3	17	7.5	0.5	57	1	0	0	0	0	1	0	0	0	57	6.5	58	8
37	17	17	3	17	7.5	0.5	60	1	0	0	0	0	0	0	0	0	57	6.5	58	8
37	19	19	2	19	7.5	0.5	55	1	0	0	0	0	1	0	0	0	57	6.5	55	8
37	19	19	2	19	7.5	0.5	67	1	0	0	0	0	0	0	0	0	57	6.5	55	8
37	21	21	1	21	7.5	0.5	55	1	0	0	0	0	1	0	0	0	57	6.5	55	8
37	21	21	1	21	7.5	0.5	67	1	0	0	0	0	0	0	0	0	57	6.5	55	8
38	1	1	11	1	8	1	54	0	0	0	0	1	0	0	0	0	57	7	55	9
38	3	3	10	3	8	1	54	0	0	0	0	1	0	0	0	0	57	7	55	9
38	5	5	9	5	8	1	66	0	0	0	0	1	0	0	0	0	69	7	67	9
38	7	7	8	7	8	0.5	-13988	0	0	0	0	0	1	0	0	0	-13988	6	-13988	9
38	11	11	6	11	8	0.5	43	0	0	0	0	0	1	0	0	0	43	7.5	42	9
38	13	13	5	13	8	0.5	43	1	0	0	0	0	1	0	0	0	43	7.5	42	9
38	13	13	5	13	8	0.5	48	1	0	0	0	0	0	0	0	0	43	7.5	42	9
38	15	15	4	15	8	0.5	58	0	0	0	0	0	1	0	0	0	57	7.5	58	9
38	17	17	3	17	8	0.5	58	1	0	0	0	0	1	0	0	0	57	7.5	58	9
38	17	17	3	17	8	0.5	60	1	0	0	0	0	0	0	0	0	57	7.5	58	9
38	19	19	2	19	8	0.5	55	1	0	0	0	0	1	0	0	0	55	7.5	57	9
38	19	19	2	19	8	0.5	67	1	0	0	0	0	0	0	0	0	55	7.5	57	9
38	21	21	1	21	8	0.5	55	1	0	0	0	0	1	0	0	0	55	7.5	57	9
38	21	21	1	21	8	0.5	67	1	0	0	0	0	0	0	0	0	55	7.5	57	9
41	1	1	11	1	9	0.75	55	0	0	0	0	1	0	0	0	0	54	8	57	9.75
41	3	3	10	3	9	0.75	55	0	0	0	0	1	0	0	0	0	54	8	57	9.75
41	5	5	9	5	9	0.75	67	0	0	0	0	1	0	0	0	0	66	8	69	9.75
41	7	7	8	7	9	0.5	-13988	0	0	0	0	0	0	1	0	0	-13988	8	-13988	11
41	11	11	6	11	9	0.5	42	0	0	0	0	0	1	0	0	0	43	8	42	9.5
41	13	13	5	13	9	0.5	42	1	0	0	0	0	1	0	0	0	43	8	42	9.5
41	13	13	5	13	9	0.5	50	1	0	0	0	0	0	0	0	0	43	8	42	9.5
41	15	15	4	15	9	0.5	58	0	0	0	0	0	1	0	0	0	58	8	57	9.5
41	17	17	3	17	9	0.5	58	1	0	0	0	0	1	0	0	0	58	8	57	9.5
41	17	17	3	17	9	0.5	62	1	0	0	0	0	0	0	0	0	58	8	57	9.5
41	19	19	2	19	9	0.5	57	1	0	0	0	0	1	0	0	0	55	8	57	9.5
41	19	19	2	19	9	0.5	69	1	0	0	0	0	0	0	0	0	55	8	57	9.5
41	21	21	1	21	9	0.5	57	1	0	0	0	0	1	0	0	0	55	8	57	9.5
41	21	21	1	21	9	0.5	69	1	0	0	0	0	0	0	0	0	55	8	57	9.5
42	9	9	7	9	9.5	0.5	50	0	0	0	0	0	1	0	0	0	48	7.5	48	10.5
42	11	11	6	11	9.5	0.5	42	0	0	0	0	0	1	0	0	0	42	9	43	10.5
42	13	13	5	13	9.5	0.5	42	1	0	0	0	0	1	0	0	0	42	9	43	10.5
42	13	13	5	13	9.5	0.5	50	1	0	0	0	0	0	0	0	0	42	9	43	10.5
42	15	15	4	15	9.5	0.5	57	0	0	0	0	0	1	0	0	0	58	9	57	10.5
42	17	17	3	17	9.5	0.5	57	1	0	0	0	0	1	0	0	0	58	9	57	10.5
42	17	17	3	17	9.5	0.5	62	1	0	0	0	0	0	0	0	0	58	9	57	10.5
42	19	19	2	19	9.5	0.5	57	1	0	0	0	0	1	0	0	0	57	9	55	10.5
42	19	19	2	19	9.5	0.5	69	1	0	0	0	0	0	0	0	0	57	9	55	10.5
42	21	21	1	21	9.5	0.5	57	1	0	0	0	0	1	0	0	0	57	9	55	10.5
42	21	21	1	21	9.5	0.5	69	1	0	0	0	0	0	0	0	0	57	9	55	10.5
43	1	1	11	1	9.75	0.75	57	0	0	0	0	1	0	0	0	0	55	9	54	10.5
43	3	3	10	3	9.75	0.75	57	0	0	0	0	1	0	0	0	0	55	9	54	10.5
43	5	5	9	5	9.75	0.75	69	0	0	0	0	1	0	0	0	0	67	9	66	10.5
45	1	1	11	1	10.5	0.75	54	0	0	0	0	1	0	0	0	0	57	9.75	55	11.25
45	3	3	10	3	10.5	0.75	54	0	0	0	0	1	0	0	0	0	57	9.75	55	11.25
45	5	5	9	5	10.5	0.75	66	0	0	0	0	1	0	0	0	0	69	9.75	67	11.25
45	9	9	7	9	10.5	0.5	48	0	0	0	0	0	0	1	0	0	50	9.5	50	13
45	11	11	6	11	10.5	0.5	43	0	0	0	0	0	1	0	0	0	42	9.5	43	11
45	13	13	5	13	10.5	0.5	43	1	0	0	0	0	1	0	0	0	42	9.5	43	11
45	13	13	5	13	10.5	0.5	48	1	0	0	0	0	0	0	0	0	42	9.5	43	11
45	15	15	4	15	10.5	0.5	57	0	0	0	0	0	1	0	0	0	57	9.5	58	11
45	17	17	3	17	10.5	0.5	57	1	0	0	0	0	1	0	0	0	57	9.5	58	11
45	17	17	3	17	10.5	0.5	60	1	0	0	0	0	0	0	0	0	57	9.5	58	11
45	19	19	2	19	10.5	0.5	55	1	0	0	0	0	1	0	0	0	57	9.5	55	11
45	19	19	2	19	10.5	0.5	67	1	0	0	0	0	0	0	0	0	57	9.5	55	11
45	21	21	1	21	10.5	0.5	55	1	0	0	0	0	1	0	0	0	57	9.5	55	11
45	21	21	1	21	10.5	0.5	67	1	0	0	0	0	0	0	0	0	57	9.5	55	11
46	7	7	8	7	11	0.5	-13988	0	0	0	0	0	1	0	0	0	-13988	9	-13988	12
46	11	11	6	11	11	0.5	43	0	0	0	0	0	1	0	0	0	43	10.5	42	12
46	13	13	5	13	11	0.5	43	1	0	0	0	0	1	0	0	0	43	10.5	42	12
46	13	13	5	13	11	0.5	48	1	0	0	0	0	0	0	0	0	43	10.5	42	12
46	15	15	4	15	11	0.5	58	0	0	0	0	0	1	0	0	0	57	10.5	58	12
46	17	17	3	17	11	0.5	58	1	0	0	0	0	1	0	0	0	57	10.5	58	12
46	17	17	3	17	11	0.5	60	1	0	0	0	0	0	0	0	0	57	10.5	58	12
46	19	19	2	19	11	0.5	55	1	0	0	0	0	1	0	0	0	55	10.5	57	12
46	19	19	2	19	11	0.5	67	1	0	0	0	0	0	0	0	0	55	10.5	57	12
46	21	21	1	21	11	0.5	55	1	0	0	0	0	1	0	0	0	55	10.5	57	12
46	21	21	1	21	11	0.5	67	1	0	0	0	0	0	0	0	0	55	10.5	57	12
47	1	1	11	1	11.25	0.75	55	0	0	0	0	1	0	0	0	0	54	10.5	57	12
47	3	3	10	3	11.25	0.75	55	0	0	0	0	1	0	0	0	0	54	10.5	57	12
47	5	5	9	5	11.25	0.75	67	0	0	0	0	1	0	0	0	0	66	10.5	69	12
50	1	1	11	1	12	1	57	0	0	0	0	0	0	0	1	0	55	11.25	60	13
50	3	3	10	3	12	1	57	0	0	0	0	0	0	0	1	0	55	11.25	60	13
50	5	5	9	5	12	1	69	0	0	0	0	0	0	0	1	0	67	11.25	72	13
50	7	7	8	7	12	0.5	-13988	0	0	0	0	0	0	1	0	0	-13988	11	-13988	12.5
50	11	11	6	11	12	0.5	42	0	0	0	0	0	1	0	0	0	43	11	42	12.5
50	13	13	5	13	12	0.5	42	1	0	0	0	0	1	0	0	0	43	11	42	12.5
50	13	13	5	13	12	0.5	50	1	0	0	0	0	0	0	0	0	43	11	42	12.5
50	15	15	4	15	12	0.5	58	0	0	0	0	0	1	0	0	0	58	11	57	12.5
50	17	17	3	17	12	0.5	58	1	0	0	0	0	1	0	0	0	58	11	57	12.5
50	17	17	3	17	12	0.5	62	1	0	0	0	0	0	0	0	0	58	11	57	12.5
50	19	19	2	19	12	0.5	57	1	0	0	0	0	1	0	0	0	55	11	57	12.5
50	19	19	2	19	12	0.5	69	1	0	0	0	0	0	0	0	0	55	11	57	12.5
50	21	21	1	21	12	0.5	57	1	0	0	0	0	1	0	0	0	55	11	57	12.5
50	21	21	1	21	12	0.5	69	1	0	0	0	0	0	0	0	0	55	11	57	12.5
51	7	7	8	7	12.5	0.5	-13988	0	0	0	0	0	1	0	0	0	-13988	12	-13988	14
51	11	11	6	11	12.5	0.5	42	0	0	0	0	0	1	0	0	0	42	12	40	13
51	13	13	5	13	12.5	0.5	42	1	0	0	0	0	1	0	0	0	42	12	40	13
51	13	13	5	13	12.5	0.5	50	1	0	0	0	0	0	0	0	0	42	12	40	13
51	15	15	4	15	12.5	0.5	57	0	0	0	0	0	1	0	0	0	58	12	60	13
51	17	17	3	17	12.5	0.5	57	1	0	0	0	0	1	0	0	0	58	12	60	13
51	17	17	3	17	12.5	0.5	62	1	0	0	0	0	0	0	0	0	58	12	60	13
51	19	19	2	19	12.5	0.5	57	1	0	0	0	0	1	0	0	0	57	12	57	13
51	19	19	2	19	12.5	0.5	69	1	0	0	0	0	0	0	0	0	57	12	57	13
51	21	21	1	21	12.5	0.5	57	1	0	0	0	0	1	0	0	0	57	12	57	13
51	21	21	1	21	12.5	0.5	69	1	0	0	0	0	0	0	0	0	57	12	57	13
52	1	1	11	1	13	2	60	0	0	0	0	0	0	0	0	0	57	12	63	15.5
52	3	3	10	3	13	2	60	0	0	0	0	0	0	0	0	0	57	12	63	15.5
52	5	5	9	5	13	2	72	0	0	0	0	0	0	0	0	0	69	12	75	15.5
52	9	9	7	9	13	1	50	0	1	0	0	0	0	1	0	0	48	10.5	50	14.5
52	11	11	6	11	13	1	40	0	0	0	0	1	0	0	0	0	42	12.5	42	14
52	13	13	5	13	13	1	40	1	0	0	0	1	0	0	0	0	42	12.5	42	14
52	13	13	5	13	13	1	50	1	0	0	0	0	0	0	0	0	42	12.5	42	14
52	15	15	4	15	13	1	60	0	0	0	0	1	0	0	0	0	57	12.5	58	14
52	17	17	3	17	13	1	60	0	0	0	0	1	0	0	0	0	57	12.5	58	14
52	19	19	2	19	13	0.5	57	1	0	0	0	1	0	0	0	0	57	12.5	57	13.5
52	19	19	2	19	13	0.5	69	1	0	0	0	0	0	0	0	0	57	12.5	57	13.5
52	21	21	1	21	13	0.5	57	1	0	0	0	1	0	0	0	0	57	12.5	57	13.5
52	21	21	1	21	13	0.5	69	1	0	0	0	0	0	0	0	0	57	12.5	57	13.5
53	19	19	2	19	13.5	1	57	1	0	0	0	0	0	0	0	0	57	13	57	14.5
53	19	19	2	19	13.5	1	69	1	0	0	0	0	0	0	0	0	57	13	57	14.5
53	21	21	1	21	13.5	1	57	1	0	0	0	0	0	0	0	0	57	13	57	14.5
53	21	21	1	21	13.5	1	69	1	0	0	0	0	0	0	0	0	57	13	57	14.5
54	7	7	8	7	14	0.5	-13988	0	0	0	0	0	1	0	0	0	-13988	12.5	-13988	15
54	11	11	6	11	14	0.5	42	0	0	0	0	0	1	0	0	0	40	13	40	14.5
54	13	13	5	13	14	0.5	42	1	0	0	0	0	1	0	0	0	40	13	40	14.5
54	13	13	5	13	14	0.5	50	1	0	0	0	0	0	0	0	0	40	13	40	14.5
54	15	15	4	15	14	0.5	58	0	0	0	0	0	1	0	0	0	60	13	60	14.5
54	17	17	3	17	14	0.5	58	0	0	0	0	0	1	0	0	0	60	13	60	14.5
55	9	9	7	9	14.5	0.5	50	0	0	0	0	0	1	0	0	0	50	13	48	18
55	11	11	6	11	14.5	0.5	40	0	0	0	0	0	1	0	0	0	42	14	39	15
55	13	13	5	13	14.5	0.5	40	1	0	0	0	0	1	0	0	0	42	14	46	15
55	13	13	5	13	14.5	0.5	50	1	0	0	0	0	0	0	0	0	42	14	46	15
55	15	15	4	15	14.5	0.5	60	0	0	0	0	0	1	0	0	0	58	14	58	15
55	17	17	3	17	14.5	0.5	60	0	0	0	0	0	1	0	0	0	58	14	58	15
55	19	19	2	19	14.5	0.5	57	1	0	0	0	0	1	0	0	0	57	13.5	58	15
55	19	19	2	19	14.5	0.5	69	1	0	0	0	0	0	0	0	0	57	13.5	58	15
55	21	21	1	21	14.5	0.5	57	1	0	0	0	0	1	0	0	0	57	13.5	58	15
55	21	21	1	21	14.5	0.5	69	1	0	0	0	0	0	0	0	0	57	13.5	58	15
57	7	7	8	7	15	3	-13988	0	1	0	0	0	0	1	0	0	-13988	14	-13988	18.5
57	11	11	6	11	15	3	39	0	1	0	0	0	0	0	0	0	40	14.5	41	18
57	13	13	5	13	15	3	46	1	1	0	0	0	0	0	0	0	40	14.5	41	18
57	13	13	5	13	15	3	49	1	0	0	0	0	0	0	0	0	40	14.5	41	18
57	15	15	4	15	15	3	58	0	1	0	0	0	0	0	0	0	60	14.5	58	18
57	17	17	3	17	15	3	58	1	1	0	0	0	0	0	0	0	60	14.5	58	18
57	17	17	3	17	15	3	63	1	0	0	0	0	0	0	0	0	60	14.5	58	18
57	19	19	2	19	15	3	58	1	1	0	0	0	0	0	0	0	57	14.5	55	18
57	19	19	2	19	15	3	70	1	0	0	0	0	0	0	0	0	57	14.5	55	18
57	21	21	1	21	15	3	58	1	1	0	0	0	0	0	0	0	57	14.5	55	18
57	21	21	1	21	15	3	70	1	0	0	0	0	0	0	0	0	57	14.5	55	18
58	1	1	11	1	15.5	0.5	63	0	0	0	0	1	0	0	0	0	60	13	60	16
58	3	3	10	3	15.5	0.5	63	0	0	0	0	1	0	0	0	0	60	13	60	16
58	5	5	9	5	15.5	0.5	75	0	0	0	0	1	0	0	0	0	72	13	72	16
59	1	1	11	1	16	0.5	60	0	0	0	0	1	0	0	0	0	63	15.5	58	16.5
59	3	3	10	3	16	0.5	60	0	0	0	0	1	0	0	0	0	63	15.5	58	16.5
59	5	5	9	5	16	0.5	72	0	0	0	0	1	0	0	0	0	75	15.5	70	16.5
60	1	1	11	1	16.5	0.75	58	0	0	0	0	1	0	0	0	0	60	16	58	17.25
60	3	3	10	3	16.5	0.75	58	0	0	0	0	1	0	0	0	0	60	16	58	17.25
60	5	5	9	5	16.5	0.75	70	0	0	0	0	1	0	0	0	0	72	16	70	17.25
61	1	1	11	1	17.25	0.25	58	0	0	0	0	0	0	0	1	0	58	16.5	55	17.5
61	3	3	10	3	17.25	0.25	58	0	0	0	0	0	0	0	1	0	58	16.5	55	17.5
61	5	5	9	5	17.25	0.25	70	0	0	0	0	0	0	0	1	0	70	16.5	67	17.5
62	1	1	11	1	17.5	0.25	55	0	0	0	0	0	0	0	0	0	58	17.25	51	17.75
62	3	3	10	3	17.5	0.25	55	0	0	0	0	0	0	0	0	0	58	17.25	51	17.75
62	5	5	9	5	17.5	0.25	67	0	0	0	0	0	0	0	0	0	70	17.25	63	17.75
63	1	1	11	1	17.75	0.25	51	0	0	0	0	0	0	0	0	1	55	17.5	53	18
63	3	3	10	3	17.75	0.25	51	0	0	0	0	0	0	0	0	1	55	17.5	53	18
63	5	5	9	5	17.75	0.25	63	0	0	0	0	0	0	0	0	1	67	17.5	65	18
65	1	1	11	1	18	1	53	0	0	0	0	0	0	0	1	0	51	17.75	55	19
65	3	3	10	3	18	1	53	0	0	0	0	0	0	0	1	0	51	17.75	55	19
65	5	5	9	5	18	1	65	0	0	0	0	0	0	0	1	0	63	17.75	67	19
65	9	9	7	9	18	0.5	48	0	0	0	0	0	0	1	0	0	50	14.5	50	20
65	11	11	6	11	18	0.5	41	0	0	0	0	0	1	0	0	0	39	15	41	18.5
65	13	13	5	13	18	0.5	41	1	0	0	0	0	1	0	0	0	46	15	41	18.5
65	13	13	5	13	18	0.5	48	1	0	0	0	0	0	0	0	0	46	15	41	18.5
65	15	15	4	15	18	0.5	58	0	0	0	0	0	1	0	0	0	58	15	57	18.5
65	17	17	3	17	18	0.5	58	1	0	0	0	0	1	0	0	0	58	15	57	18.5
65	17	17	3	17	18	0.5	60	1	0	0	0	0	0	0	0	0	58	15	57	18.5
65	19	19	2	19	18	0.5	55	1	0	0	0	0	1	0	0	0	58	15	55	18.5
65	19	19	2	19	18	0.5	67	1	0	0	0	0	0	0	0	0	58	15	55	18.5
65	21	21	1	21	18	0.5	55	1	0	0	0	0	1	0	0	0	58	15	55	18.5
65	21	21	1	21	18	0.5	67	1	0	0	0	0	0	0	0	0	58	15	55	18.5
66	7	7	8	7	18.5	0.5	-13988	0	0	0	0	0	1	0	0	0	-13988	15	-13988	19.5
66	11	11	6	11	18.5	0.5	41	0	0	0	0	0	1	0	0	0	41	18	39	19.5
66	13	13	5	13	18.5	0.5	41	1	0	0	0	0	1	0	0	0	41	18	51	19.5
66	13	13	5	13	18.5	0.5	48	1	0	0	0	0	0	0	0	0	41	18	51	19.5
66	15	15	4	15	18.5	0.5	57	0	0	0	0	0	1	0	0	0	58	18	57	19.5
66	17	17	3	17	18.5	0.5	57	1	0	0	0	0	1	0	0	0	58	18	57	19.5
66	17	17	3	17	18.5	0.5	60	1	0	0	0	0	0	0	0	0	58	18	57	19.5
66	19	19	2	19	18.5	0.5	55	1	0	0	0	0	1	0	0	0	55	18	57	19.5
66	19	19	2	19	18.5	0.5	67	1	0	0	0	0	0	0	0	0	55	18	57	19.5
66	21	21	1	21	18.5	0.5	55	1	0	0	0	0	1	0	0	0	55	18	57	19.5
66	21	21	1	21	18.5	0.5	67	1	0	0	0	0	0	0	0	0	55	18	57	19.5
67	1	1	11	1	19	1	55	0	0	0	0	0	0	0	0	1	53	18	52	20
67	3	3	10	3	19	1	55	0	0	0	0	0	0	0	0	1	53	18	52	20
67	5	5	9	5	19	1	67	0	0	0	0	0	0	0	0	1	65	18	64	20
68	7	7	8	7	19.5	0.5	-13988	0	0	0	0	0	0	1	0	0	-13988	18.5	-13988	21.5
68	11	11	6	11	19.5	0.5	39	0	0	0	0	0	1	0	0	0	41	18.5	39	20
68	13	13	5	13	19.5	0.5	51	0	0	0	0	0	1	0	0	0	41	18.5	51	20
68	15	15	4	15	19.5	0.5	57	0	0	0	0	0	1	0	0	0	57	18.5	58	20
68	17	17	3	17	19.5	0.5	57	1	0	0	0	0	1	0	0	0	57	18.5	58	20
68	17	17	3	17	19.5	0.5	62	1	0	0	0	0	0	0	0	0	57	18.5	58	20
68	19	19	2	19	19.5	0.5	57	1	0	0	0	0	1	0	0	0	55	18.5	57	20
68	19	19	2	19	19.5	0.5	69	1	0	0	0	0	0	0	0	0	55	18.5	57	20
68	21	21	1	21	19.5	0.5	57	1	0	0	0	0	1	0	0	0	55	18.5	57	20
68	21	21	1	21	19.5	0.5	69	1	0	0	0	0	0	0	0	0	55	18.5	57	20
69	1	1	11	1	20	1	52	0	0	0	0	0	0	0	0	0	55	19	53	21
69	3	3	10	3	20	1	52	0	0	0	0	0	0	0	0	0	55	19	53	21
69	5	5	9	5	20	1	64	0	0	0	0	0	0	0	0	0	67	19	65	21
69	9	9	7	9	20	0.5	50	0	0	0	0	0	1	0	0	0	48	18	48	21
69	11	11	6	11	20	0.5	39	0	0	0	0	0	1	0	0	0	39	19.5	41	21
69	13	13	5	13	20	0.5	51	0	0	0	0	0	1	0	0	0	51	19.5	41	21
69	15	15	4	15	20	0.5	58	0	0	0	0	0	1	0	0	0	57	19.5	58	21
69	17	17	3	17	20	0.5	58	1	0	0	0	0	1	0	0	0	57	19.5	60	21
69	17	17	3	17	20	0.5	62	1	0	0	0	0	0	0	0	0	57	19.5	60	21
69	19	19	2	19	20	0.5	57	1	0	0	0	0	1	0	0	0	57	19.5	55	21
69	19	19	2	19	20	0.5	69	1	0	0	0	0	0	0	0	0	57	19.5	55	21
69	21	21	1	21	20	0.5	57	1	0	0	0	0	1	0	0	0	57	19.5	55	21
69	21	21	1	21	20	0.5	69	1	0	0	0	0	0	0	0	0	57	19.5	55	21
72	1	1	11	1	21	0.5	53	0	0	0	0	0	0	0	0	0	52	20	57	21.5
72	3	3	10	3	21	0.5	53	0	0	0	0	0	0	0	0	0	52	20	57	21.5
72	5	5	9	5	21	0.5	65	0	0	0	0	0	0	0	0	0	64	20	69	21.5
72	9	9	7	9	21	0.5	48	0	0	0	0	0	0	1	0	0	50	20	50	23
72	11	11	6	11	21	0.5	41	0	0	0	0	0	1	0	0	0	39	20	41	21.5
72	13	13	5	13	21	0.5	41	1	0	0	0	0	1	0	0	0	51	20	41	21.5
72	13	13	5	13	21	0.5	48	1	0	0	0	0	0	0	0	0	51	20	41	21.5
72	15	15	4	15	21	0.5	58	0	0	0	0	0	1	0	0	0	58	20	57	21.5
72	17	17	3	17	21	0.5	60	1	0	0	0	0	1	0	0	0	58	20	57	21.5
72	17	17	3	17	21	0.5	62	1	0	0	0	0	0	0	0	0	58	20	57	21.5
72	19	19	2	19	21	0.5	55	1	0	0	0	0	1	0	0	0	57	20	55	21.5
72	19	19	2	19	21	0.5	67	1	0	0	0	0	0	0	0	0	57	20	55	21.5
72	21	21	1	21	21	0.5	55	1	0	0	0	0	1	0	0	0	57	20	55	21.5
72	21	21	1	21	21	0.5	67	1	0	0	0	0	0	0	0	0	57	20	55	21.5
73	1	1	11	1	21.5	0.5	57	0	0	0	0	0	0	0	0	0	53	21	60	22
73	3	3	10	3	21.5	0.5	57	0	0	0	0	0	0	0	0	0	53	21	60	22
73	5	5	9	5	21.5	0.5	69	0	0	0	0	0	0	0	0	0	65	21	72	22
73	7	7	8	7	21.5	0.5	-13988	0	0	0	0	0	1	0	0	0	-13988	19.5	-13988	22.5
73	11	11	6	11	21.5	0.5	41	0	0	0	0	0	1	0	0	0	41	21	39	22.5
73	13	13	5	13	21.5	0.5	41	1	0	0	0	0	1	0	0	0	41	21	51	22.5
73	13	13	5	13	21.5	0.5	48	1	0	0	0	0	0	0	0	0	41	21	51	22.5
73	15	15	4	15	21.5	0.5	57	0	0	0	0	0	1	0	0	0	58	21	57	22.5
73	17	17	3	17	21.5	0.5	57	1	0	0	0	0	1	0	0	0	60	21	57	22.5
73	17	17	3	17	21.5	0.5	60	1	0	0	0	0	0	0	0	0	60	21	57	22.5
73	19	19	2	19	21.5	0.5	55	1	0	0	0	0	1	0	0	0	55	21	57	22.5
73	19	19	2	19	21.5	0.5	67	1	0	0	0	0	0	0	0	0	55	21	57	22.5
73	21	21	1	21	21.5	0.5	55	1	0	0	0	0	1	0	0	0	55	21	57	22.5
73	21	21	1	21	21.5	0.5	67	1	0	0	0	0	0	0	0	0	55	21	57	22.5
74	1	1	11	1	22	2	60	0	0	0	0	0	0	0	0	0	57	21.5	62	24.5
74	3	3	10	3	22	2	60	0	0	0	0	0	0	0	0	0	57	21.5	62	24.5
74	5	5	9	5	22	2	72	0	0	0	0	0	0	0	0	0	69	21.5	74	24.5
75	7	7	8	7	22.5	0.5	-13988	0	0	0	0	0	0	1	0	0	-13988	21.5	-13988	23.5
75	11	11	6	11	22.5	0.5	39	0	0	0	0	0	1	0	0	0	41	21.5	39	23
75	13	13	5	13	22.5	0.5	51	0	0	0	0	0	1	0	0	0	41	21.5	51	23
75	15	15	4	15	22.5	0.5	57	0	0	0	0	0	1	0	0	0	57	21.5	58	23
75	17	17	3	17	22.5	0.5	57	1	0	0	0	0	1	0	0	0	57	21.5	58	23
75	17	17	3	17	22.5	0.5	62	1	0	0	0	0	0	0	0	0	57	21.5	58	23
75	19	19	2	19	22.5	0.5	57	1	0	0	0	0	1	0	0	0	55	21.5	57	23
75	19	19	2	19	22.5	0.5	69	1	0	0	0	0	0	0	0	0	55	21.5	57	23
75	21	21	1	21	22.5	0.5	57	1	0	0	0	0	1	0	0	0	55	21.5	57	23
75	21	21	1	21	22.5	0.5	69	1	0	0	0	0	0	0	0	0	55	21.5	57	23
76	9	9	7	9	23	0.5	50	0	0	0	0	0	1	0	0	0	48	21	50	24
76	11	11	6	11	23	0.5	39	0	0	0	0	0	1	0	0	0	39	22.5	39	23.5
76	13	13	5	13	23	0.5	51	0	0	0	0	0	1	0	0	0	51	22.5	51	23.5
76	15	15	4	15	23	0.5	58	0	0	0	0	0	1	0	0	0	57	22.5	57	23.5
76	17	17	3	17	23	0.5	58	1	0	0	0	0	1	0	0	0	57	22.5	57	23.5
76	17	17	3	17	23	0.5	62	1	0	0	0	0	0	0	0	0	57	22.5	57	23.5
76	19	19	2	19	23	0.5	57	1	0	0	0	0	1	0	0	0	57	22.5	57	23.5
76	19	19	2	19	23	0.5	69	1	0	0	0	0	0	0	0	0	57	22.5	57	23.5
76	21	21	1	21	23	0.5	57	1	0	0	0	0	1	0	0	0	57	22.5	57	23.5
76	21	21	1	21	23	0.5	69	1	0	0	0	0	0	0	0	0	57	22.5	57	23.5
77	7	7	8	7	23.5	0.5	-13988	0	0	0	0	0	0	0	0	0	-13988	22.5	-13988	27
77	11	11	6	11	23.5	0.5	39	0	0	0	0	1	0	0	0	0	39	23	38	24
77	13	13	5	13	23.5	0.5	51	0	0	0	0	1	0	0	0	0	51	23	45	24
77	15	15	4	15	23.5	3.5	57	0	0	0	0	1	0	0	0	0	58	23	57	27
77	17	17	3	17	23.5	3.5	57	1	0	0	0	1	0	0	0	0	58	23	57	27
77	17	17	3	17	23.5	3.5	62	1	0	0	0	0	0	0	0	0	58	23	57	27
77	19	19	2	19	23.5	3.5	57	1	0	0	0	1	0	0	0	0	57	23	57	27
77	19	19	2	19	23.5	3.5	69	1	0	0	0	0	0	0	0	0	57	23	57	27
77	21	21	1	21	23.5	3.5	57	1	0	0	0	1	0	0	0	0	57	23	57	27
77	21	21	1	21	23.5	3.5	69	1	0	0	0	0	0	0	0	0	57	23	57	27
79	9	9	7	9	24	3	50	0	1	0	0	0	0	1	0	0	50	23	50	27.5
79	11	11	6	11	24	3	38	0	0	0	0	0	0	0	0	0	39	23.5	40	27
79	13	13	5	13	24	3	45	1	0	0	0	0	0	0	0	0	51	23.5	40	27
79	13	13	5	13	24	3	52	1	0	0	0	0	0	0	0	0	51	23.5	40	27
80	1	1	11	1	24.5	0.5	62	0	0	0	0	1	0	0	0	0	60	22	59	25
80	3	3	10	3	24.5	0.5	62	0	0	0	0	1	0	0	0	0	60	22	59	25
80	5	5	9	5	24.5	0.5	74	0	0	0	0	1	0	0	0	0	72	22	71	25
81	1	1	11	1	25	0.5	59	0	0	0	0	1	0	0	0	0	62	24.5	57	25.5
81	3	3	10	3	25	0.5	59	0	0	0	0	1	0	0	0	0	62	24.5	57	25.5
81	5	5	9	5	25	0.5	71	0	0	0	0	1	0	0	0	0	74	24.5	69	25.5
82	1	1	11	1	25.5	0.75	57	0	0	0	0	1	0	0	0	0	59	25	57	26.25
82	3	3	10	3	25.5	0.75	57	0	0	0	0	1	0	0	0	0	59	25	57	26.25
82	5	5	9	5	25.5	0.75	69	0	0	0	0	1	0	0	0	0	71	25	69	26.25
83	1	1	11	1	26.25	0.25	57	0	0	0	0	0	0	0	1	0	57	25.5	54	26.5
83	3	3	10	3	26.25	0.25	57	0	0	0	0	0	0	0	1	0	57	25.5	54	26.5
83	5	5	9	5	26.25	0.25	69	0	0	0	0	0	0	0	1	0	69	25.5	66	26.5
84	1	1	11	1	26.5	0.25	54	0	0	0	0	0	0	0	0	0	57	26.25	50	26.75
84	3	3	10	3	26.5	0.25	54	0	0	0	0	0	0	0	0	0	57	26.25	50	26.75
84	5	5	9	5	26.5	0.25	66	0	0	0	0	0	0	0	0	0	69	26.25	62	26.75
85	1	1	11	1	26.75	0.25	50	0	0	0	0	0	0	0	0	1	54	26.5	52	27
85	3	3	10	3	26.75	0.25	50	0	0	0	0	0	0	0	0	1	54	26.5	52	27
85	5	5	9	5	26.75	0.25	62	0	0	0	0	0	0	0	0	1	66	26.5	64	27
87	1	1	11	1	27	1	52	0	0	0	0	0	0	0	1	0	50	26.75	54	28
87	3	3	10	3	27	1	52	0	0	0	0	0	0	0	1	0	50	26.75	54	28
87	5	5	9	5	27	1	64	0	0	0	0	0	0	0	1	0	62	26.75	66	28
87	7	7	8	7	27	0.5	-13988	0	0	0	0	0	0	1	0	0	-13988	23.5	-13988	29
87	11	11	6	11	27	0.5	40	0	0	0	0	0	1	0	0	0	38	24	40	27.5
87	13	13	5	13	27	0.5	40	1	0	0	0	0	1	0	0	0	45	24	40	27.5
87	13	13	5	13	27	0.5	50	1	0	0	0	0	0	0	0	0	45	24	40	27.5
87	15	15	4	15	27	0.5	57	0	0	0	0	0	1	0	0	0	57	23.5	59	27.5
87	17	17	3	17	27	0.5	57	1	0	0	0	0	1	0	0	0	57	23.5	59	27.5
87	17	17	3	17	27	0.5	62	1	0	0	0	0	0	0	0	0	57	23.5	59	27.5
87	19	19	2	19	27	0.5	57	1	0	0	0	0	1	0	0	0	57	23.5	57	27.5
87	19	19	2	19	27	0.5	69	1	0	0	0	0	0	0	0	0	57	23.5	57	27.5
87	21	21	1	21	27	0.5	57	1	0	0	0	0	1	0	0	0	57	23.5	57	27.5
87	21	21	1	21	27	0.5	69	1	0	0	0	0	0	0	0	0	57	23.5	57	27.5
88	9	9	7	9	27.5	0.5	50	0	0	0	0	0	1	0	0	0	50	24	50	28.5
88	11	11	6	11	27.5	0.5	40	0	0	0	0	0	1	0	0	0	40	27	42	28.5
88	13	13	5	13	27.5	0.5	40	1	0	0	0	0	1	0	0	0	40	27	42	28.5
88	13	13	5	13	27.5	0.5	50	1	0	0	0	0	0	0	0	0	40	27	42	28.5
88	15	15	4	15	27.5	0.5	59	0	0	0	0	0	1	0	0	0	57	27	59	28.5
88	17	17	3	17	27.5	0.5	59	1	0	0	0	0	1	0	0	0	57	27	57	28.5
88	17	17	3	17	27.5	0.5	62	1	0	0	0	0	0	0	0	0	57	27	57	28.5
88	19	19	2	19	27.5	0.5	57	1	0	0	0	0	1	0	0	0	57	27	57	28.5
88	19	19	2	19	27.5	0.5	69	1	0	0	0	0	0	0	0	0	57	27	57	28.5
88	21	21	1	21	27.5	0.5	57	1	0	0	0	0	1	0	0	0	57	27	57	28.5
88	21	21	1	21	27.5	0.5	69	1	0	0	0	0	0	0	0	0	57	27	57	28.5
89	1	1	11	1	28	1	54	0	0	0	0	0	0	0	0	1	52	27	50	29
89	3	3	10	3	28	1	54	0	0	0	0	0	0	0	0	1	52	27	50	29
89	5	5	9	5	28	1	66	0	0	0	0	0	0	0	0	1	64	27	62	29
90	9	9	7	9	28.5	0.5	50	0	0	0	0	0	0	1	0	0	50	27.5	50	30.5
90	11	11	6	11	28.5	0.5	42	0	0	0	0	0	1	0	0	0	40	27.5	42	29
90	13	13	5	13	28.5	0.5	42	1	0	0	0	0	1	0	0	0	40	27.5	42	29
90	13	13	5	13	28.5	0.5	50	1	0	0	0	0	0	0	0	0	40	27.5	42	29
90	15	15	4	15	28.5	0.5	59	0	0	0	0	0	1	0	0	0	59	27.5	57	29
90	17	17	3	17	28.5	0.5	57	1	0	0	0	0	1	0	0	0	59	27.5	59	29
90	17	17	3	17	28.5	0.5	62	1	0	0	0	0	0	0	0	0	59	27.5	59	29
90	19	19	2	19	28.5	0.5	57	1	0	0	0	0	1	0	0	0	57	27.5	57	29
90	19	19	2	19	28.5	0.5	69	1	0	0	0	0	0	0	0	0	57	27.5	57	29
90	21	21	1	21	28.5	0.5	57	1	0	0	0	0	1	0	0	0	57	27.5	57	29
90	21	21	1	21	28.5	0.5	69	1	0	0	0	0	0	0	0	0	57	27.5	57	29
91	1	1	11	1	29	1	50	0	0	0	0	0	0	0	0	0	54	28	52	30
91	3	3	10	3	29	1	50	0	0	0	0	0	0	0	0	0	54	28	52	30
91	5	5	9	5	29	1	62	0	0	0	0	0	0	0	0	0	66	28	64	30
91	7	7	8	7	29	0.5	-13988	0	0	0	0	0	1	0	0	0	-13988	27	-13988	30
91	11	11	6	11	29	0.5	42	0	0	0	0	0	1	0	0	0	42	28.5	40	30
91	13	13	5	13	29	0.5	42	1	0	0	0	0	1	0	0	0	42	28.5	40	30
91	13	13	5	13	29	0.5	50	1	0	0	0	0	0	0	0	0	42	28.5	40	30
91	15	15	4	15	29	0.5	57	0	0	0	0	0	1	0	0	0	59	28.5	57	30
91	17	17	3	17	29	0.5	59	1	0	0	0	0	1	0	0	0	57	28.5	57	30
91	17	17	3	17	29	0.5	62	1	0	0	0	0	0	0	0	0	57	28.5	57	30
91	19	19	2	19	29	0.5	57	1	0	0	0	0	1	0	0	0	57	28.5	57	30
91	19	19	2	19	29	0.5	69	1	0	0	0	0	0	0	0	0	57	28.5	57	30
91	21	21	1	21	29	0.5	57	1	0	0	0	0	1	0	0	0	57	28.5	57	30
91	21	21	1	21	29	0.5	69	1	0	0	0	0	0	0	0	0	57	28.5	57	30
94	1	1	11	1	30	0.5	52	0	0	0	0	0	0	0	0	0	50	29	59	30.5
94	3	3	10	3	30	0.5	52	0	0	0	0	0	0	0	0	0	50	29	59	30.5
94	5	5	9	5	30	0.5	64	0	0	0	0	0	0	0	0	0	62	29	71	30.5
94	7	7	8	7	30	0.5	-13988	0	0	0	0	0	0	1	0	0	-13988	29	-13988	32
94	11	11	6	11	30	0.5	40	0	0	0	0	0	1	0	0	0	42	29	40	30.5
94	13	13	5	13	30	0.5	40	1	0	0	0	0	1	0	0	0	42	29	40	30.5
94	13	13	5	13	30	0.5	50	1	0	0	0	0	0	0	0	0	42	29	40	30.5
94	15	15	4	15	30	0.5	57	0	0	0	0	0	1	0	0	0	57	29	59	30.5
94	17	17	3	17	30	0.5	57	1	0	0	0	0	1	0	0	0	59	29	59	30.5
94	17	17	3	17	30	0.5	62	1	0	0	0	0	0	0	0	0	59	29	59	30.5
94	19	19	2	19	30	0.5	57	1	0	0	0	0	1	0	0	0	57	29	57	30.5
94	19	19	2	19	30	0.5	69	1	0	0	0	0	0	0	0	0	57	29	57	30.5
94	21	21	1	21	30	0.5	57	1	0	0	0	0	1	0	0	0	57	29	57	30.5
94	21	21	1	21	30	0.5	69	1	0	0	0	0	0	0	0	0	57	29	57	30.5
95	1	1	11	1	30.5	0.5	59	0	0	0	0	0	0	0	0	0	52	30	57	31
95	3	3	10	3	30.5	0.5	59	0	0	0	0	0	0	0	0	0	52	30	57	31
95	5	5	9	5	30.5	0.5	71	0	0	0	0	0	0	0	0	0	64	30	69	31
95	9	9	7	9	30.5	0.5	50	0	0	0	0	0	1	0	0	0	50	28.5	50	31.5
95	11	11	6	11	30.5	0.5	40	0	0	0	0	0	1	0	0	0	40	30	42	31.5
95	13	13	5	13	30.5	0.5	40	1	0	0	0	0	1	0	0	0	40	30	42	31.5
95	13	13	5	13	30.5	0.5	50	1	0	0	0	0	0	0	0	0	40	30	42	31.5
95	15	15	4	15	30.5	0.5	59	0	0	0	0	0	1	0	0	0	57	30	59	31.5
95	17	17	3	17	30.5	0.5	59	1	0	0	0	0	1	0	0	0	57	30	57	31.5
95	17	17	3	17	30.5	0.5	62	1	0	0	0	0	0	0	0	0	57	30	57	31.5
95	19	19	2	19	30.5	0.5	57	1	0	0	0	0	1	0	0	0	57	30	57	31.5
95	19	19	2	19	30.5	0.5	69	1	0	0	0	0	0	0	0	0	57	30	57	31.5
95	21	21	1	21	30.5	0.5	57	1	0	0	0	0	1	0	0	0	57	30	57	31.5
95	21	21	1	21	30.5	0.5	69	1	0	0	0	0	0	0	0	0	57	30	57	31.5
96	1	1	11	1	31	2	57	0	0	0	0	0	0	0	0	0	59	30.5	57	34
96	3	3	10	3	31	2	57	0	0	0	0	0	0	0	0	0	59	30.5	57	34
96	5	5	9	5	31	2	69	0	0	0	0	0	0	0	0	0	71	30.5	69	34
97	9	9	7	9	31.5	0.5	50	0	0	0	0	0	0	1	0	0	50	30.5	50	33.5
97	11	11	6	11	31.5	0.5	42	0	0	0	0	0	1	0	0	0	40	30.5	42	32
97	13	13	5	13	31.5	0.5	42	1	0	0	0	0	1	0	0	0	40	30.5	42	32
97	13	13	5	13	31.5	0.5	50	1	0	0	0	0	0	0	0	0	40	30.5	42	32
97	15	15	4	15	31.5	0.5	59	0	0	0	0	0	1	0	0	0	59	30.5	57	32
97	17	17	3	17	31.5	0.5	57	1	0	0	0	0	1	0	0	0	59	30.5	59	32
97	17	17	3	17	31.5	0.5	62	1	0	0	0	0	0	0	0	0	59	30.5	59	32
97	19	19	2	19	31.5	0.5	57	1	0	0	0	0	1	0	0	0	57	30.5	57	32
97	19	19	2	19	31.5	0.5	69	1	0	0	0	0	0	0	0	0	57	30.5	57	32
97	21	21	1	21	31.5	0.5	57	1	0	0	0	0	1	0	0	0	57	30.5	57	32
97	21	21	1	21	31.5	0.5	69	1	0	0	0	0	0	0	0	0	57	30.5	57	32
98	7	7	8	7	32	0.5	-13988	0	0	0	0	0	1	0	0	0	-13988	30	-13988	33
98	11	11	6	11	32	0.5	42	0	0	0	0	0	1	0	0	0	42	31.5	40	33
98	13	13	5	13	32	0.5	42	1	0	0	0	0	1	0	0	0	42	31.5	40	33
98	13	13	5	13	32	0.5	50	1	0	0	0	0	0	0	0	0	42	31.5	40	33
98	15	15	4	15	32	0.5	57	0	0	0	0	0	1	0	0	0	59	31.5	57	33
98	17	17	3	17	32	0.5	59	1	0	0	0	0	1	0	0	0	57	31.5	57	33
98	17	17	3	17	32	0.5	62	1	0	0	0	0	0	0	0	0	57	31.5	57	33
98	19	19	2	19	32	0.5	57	1	0	0	0	0	1	0	0	0	57	31.5	57	33
98	19	19	2	19	32	0.5	69	1	0	0	0	0	0	0	0	0	57	31.5	57	33
98	21	21	1	21	32	0.5	57	1	0	0	0	0	1	0	0	0	57	31.5	57	33
98	21	21	1	21	32	0.5	69	1	0	0	0	0	0	0	0	0	57	31.5	57	33
101	7	7	8	7	33	0.5	-13988	0	0	0	0	0	0	1	0	0	-13988	32	-13988	35
101	11	11	6	11	33	0.5	40	0	0	0	0	0	1	0	0	0	42	32	40	33.5
101	13	13	5	13	33	0.5	40	1	0	0	0	0	1	0	0	0	42	32	40	33.5
101	13	13	5	13	33	0.5	50	1	0	0	0	0	0	0	0	0	42	32	40	33.5
101	15	15	4	15	33	0.5	57	0	0	0	0	0	1	0	0	0	57	32	59	33.5
101	17	17	3	17	33	0.5	57	1	0	0	0	0	1	0	0	0	59	32	59	33.5
101	17	17	3	17	33	0.5	62	1	0	0	0	0	0	0	0	0	59	32	59	33.5
101	19	19	2	19	33	0.5	57	1	0	0	0	0	1	0	0	0	57	32	57	33.5
101	19	19	2	19	33	0.5	69	1	0	0	0	0	0	0	0	0	57	32	57	33.5
101	21	21	1	21	33	0.5	57	1	0	0	0	0	1	0	0	0	57	32	57	33.5
101	21	21	1	21	33	0.5	69	1	0	0	0	0	0	0	0	0	57	32	57	33.5
102	9	9	7	9	33.5	0.5	50	0	0	0	0	0	1	0	0	0	50	31.5	50	34.5
102	11	11	6	11	33.5	0.5	40	0	0	0	0	0	1	0	0	0	40	33	42	34.5
102	13	13	5	13	33.5	0.5	40	1	0	0	0	0	1	0	0	0	40	33	42	34.5
102	13	13	5	13	33.5	0.5	50	1	0	0	0	0	0	0	0	0	40	33	42	34.5
102	15	15	4	15	33.5	0.5	59	0	0	0	0	0	1	0	0	0	57	33	60	34.5
102	17	17	3	17	33.5	0.5	59	1	0	0	0	0	1	0	0	0	57	33	57	34.5
102	17	17	3	17	33.5	0.5	62	1	0	0	0	0	0	0	0	0	57	33	57	34.5
102	19	19	2	19	33.5	0.5	57	1	0	0	0	0	1	0	0	0	57	33	57	34.5
102	19	19	2	19	33.5	0.5	69	1	0	0	0	0	0	0	0	0	57	33	57	34.5
102	21	21	1	21	33.5	0.5	57	1	0	0	0	0	1	0	0	0	57	33	57	34.5
102	21	21	1	21	33.5	0.5	69	1	0	0	0	0	0	0	0	0	57	33	57	34.5
103	1	1	11	1	34	1	57	0	0	0	0	0	0	0	0	0	57	31	55	35
103	3	3	10	3	34	1	57	0	0	0	0	0	0	0	0	0	57	31	55	35
103	5	5	9	5	34	1	69	0	0	0	0	0	0	0	0	0	69	31	67	35
104	9	9	7	9	34.5	0.5	50	0	0	0	0	0	0	1	0	0	50	33.5	48	35.5
104	11	11	6	11	34.5	0.5	42	0	0	0	0	0	1	0	0	0	40	33.5	43	35
104	13	13	5	13	34.5	0.5	42	1	0	0	0	0	1	0	0	0	40	33.5	43	35
104	13	13	5	13	34.5	0.5	50	1	0	0	0	0	0	0	0	0	40	33.5	43	35
104	15	15	4	15	34.5	0.5	60	0	0	0	0	0	1	0	0	0	59	33.5	58	35
104	17	17	3	17	34.5	0.5	57	1	0	0	0	0	1	0	0	0	59	33.5	59	35
104	17	17	3	17	34.5	0.5	62	1	0	0	0	0	0	0	0	0	59	33.5	59	35
104	19	19	2	19	34.5	0.5	57	1	0	0	0	0	1	0	0	0	57	33.5	57	35
104	19	19	2	19	34.5	0.5	69	1	0	0	0	0	0	0	0	0	57	33.5	57	35
104	21	21	1	21	34.5	0.5	57	1	0	0	0	0	1	0	0	0	57	33.5	57	35
104	21	21	1	21	34.5	0.5	69	1	0	0	0	0	0	0	0	0	57	33.5	57	35
105	1	1	11	1	35	0.5	55	0	0	0	0	0	0	0	0	0	57	34	53	35.5
105	3	3	10	3	35	0.5	55	0	0	0	0	0	0	0	0	0	57	34	53	35.5
105	5	5	9	5	35	0.5	67	0	0	0	0	0	0	0	0	0	69	34	65	35.5
105	7	7	8	7	35	0.5	-13988	0	0	0	0	0	1	0	0	0	-13988	33	0	0
105	11	11	6	11	35	0.5	43	0	0	0	0	0	1	0	0	0	42	34.5	45	35.5
105	13	13	5	13	35	0.5	43	1	0	0	0	0	1	0	0	0	42	34.5	45	35.5
105	13	13	5	13	35	0.5	50	1	0	0	0	0	0	0	0	0	42	34.5	45	35.5
105	15	15	4	15	35	0.5	58	0	0	0	0	0	1	0	0	0	60	34.5	58	35.5
105	17	17	3	17	35	0.5	59	1	0	0	0	0	1	0	0	0	57	34.5	59	35.5
105	17	17	3	17	35	0.5	62	1	0	0	0	0	0	0	0	0	57	34.5	59	35.5
105	19	19	2	19	35	0.5	57	1	0	0	0	0	1	0	0	0	57	34.5	55	35.5
105	19	19	2	19	35	0.5	69	1	0	0	0	0	0	0	0	0	57	34.5	55	35.5
105	21	21	1	21	35	0.5	57	1	0	0	0	0	1	0	0	0	57	34.5	55	35.5
105	21	21	1	21	35	0.5	69	1	0	0	0	0	0	0	0	0	57	34.5	55	35.5
106	1	1	11	1	35.5	0.5	53	0	0	0	0	0	0	0	0	0	55	35	0	0
106	3	3	10	3	35.5	0.5	53	0	0	0	0	0	0	0	0	0	55	35	0	0
106	5	5	9	5	35.5	0.5	65	0	0	0	0	0	0	0	0	0	67	35	0	0
106	9	9	7	9	35.5	0.5	48	0	0	0	0	0	0	1	0	0	50	34.5	0	0
106	11	11	6	11	35.5	0.5	45	0	0	0	0	1	0	0	0	0	43	35	0	0
106	13	13	5	13	35.5	0.5	45	1	0	0	0	1	0	0	0	0	43	35	0	0
106	13	13	5	13	35.5	0.5	48	1	0	0	0	0	0	0	0	0	43	35	0	0
106	15	15	4	15	35.5	0.5	58	0	0	0	0	1	0	0	0	0	58	35	0	0
106	17	17	3	17	35.5	0.5	59	1	0	0	0	1	0	0	0	0	59	35	0	0
106	17	17	3	17	35.5	0.5	60	1	0	0	0	0	0	0	0	0	59	35	0	0
106	19	19	2	19	35.5	0.5	55	1	0	0	0	1	0	0	0	0	57	35	0	0
106	19	19	2	19	35.5	0.5	67	1	0	0	0	0	0	0	0	0	57	35	0	0
106	21	21	1	21	35.5	0.5	55	1	0	0	0	1	0	0	0	0	57	35	0	0
106	21	21	1	21	35.5	0.5	67	1	0	0	0	0	0	0	0	0	57	35	0	0
*-	*-	*-	*-	*-	*-	*-	*-	*-	*-	*-	*-	*-	*-	*-	*-	*-	*-	*-	*-	*-
